,returns,volatilities,SPI,weights
0,2.1135006774409217,1.402464811849504,1.4247865538764546,"[0.08036272 0.21803815 0.11389367 0.01361298 0.01814625 0.24783079
 0.19855857 0.0192695  0.08289954 0.00738783]"
1,1.704673372361087,1.19604594902852,1.3288667566820302,"[0.10184207 0.01274807 0.13850056 0.05208678 0.13542947 0.12525903
 0.0647444  0.00752162 0.17512622 0.18674179]"
2,1.7830517422356804,1.3718824875647533,1.2156756035010503,"[0.09913178 0.13136057 0.14334491 0.12955247 0.05537038 0.04371387
 0.09485634 0.1599021  0.03203674 0.11073085]"
3,1.820704703077228,1.2746874237875403,1.33790998484708,"[0.12971583 0.09172739 0.09521297 0.1574819  0.03389419 0.08779819
 0.07575199 0.06633073 0.13323614 0.12885068]"
4,2.165224214947103,1.5120622120080738,1.35572235549213,"[0.05865588 0.12433917 0.02296894 0.07914345 0.12912011 0.14916781
 0.15288796 0.06761893 0.09320789 0.12288986]"
5,2.1403674045840884,1.40661518758416,1.4396828295514532,"[0.07240793 0.03955882 0.14420302 0.2196259  0.09218676 0.02780772
 0.16393911 0.01340751 0.0503391  0.17652414]"
6,1.99036021727834,1.3700345948176327,1.3686315317424935,"[0.0346689  0.11143806 0.04465481 0.14970428 0.12424605 0.10244192
 0.11001689 0.03132604 0.15754276 0.13396028]"
7,1.0583348385453482,0.8480917586857258,1.1119636025869375,"[0.28560847 0.04395964 0.1916043  0.01129841 0.01820361 0.05164546
 0.00843937 0.02230268 0.24966784 0.11727021]"
8,2.573517338384721,1.755308021853304,1.400454869770592,"[0.02563847 0.11187789 0.00196171 0.18416145 0.0126209  0.20574095
 0.12890466 0.15925017 0.01055294 0.15929086]"
9,1.891265745209402,1.2699750141531856,1.3984354449372696,"[0.0898461  0.06247234 0.1242509  0.08352382 0.05262635 0.07461561
 0.13840693 0.07594656 0.13967455 0.15863686]"
10,1.8972375761042188,1.3556028437054473,1.31450735231604,"[0.12501133 0.1832588  0.14680549 0.13246847 0.06957553 0.04285746
 0.01391295 0.03631629 0.04790124 0.20189246]"
11,1.7582468893457328,1.1734999010428728,1.4000505808758752,"[0.11299458 0.10504966 0.13503575 0.1539558  0.03573605 0.04325466
 0.10072369 0.02543372 0.15858479 0.1292313 ]"
12,2.1756881511939126,1.6944616998679904,1.215961670966983,"[0.01536593 0.06464888 0.01111481 0.15350478 0.24210076 0.27565469
 0.01872355 0.02159315 0.04928759 0.14800586]"
13,2.172319765512335,1.4186529877455976,1.4499896113060873,"[0.01290398 0.18388766 0.03720351 0.04427884 0.12267538 0.13158133
 0.20859831 0.00447457 0.15721333 0.09718309]"
14,1.9418661459225826,1.3344965459211724,1.3687397545333178,"[0.08315812 0.09207519 0.08300079 0.06934056 0.11426511 0.15829429
 0.12840224 0.02725583 0.13110399 0.11310388]"
15,1.4757128401319113,1.1556866822069325,1.1771574336230366,"[0.09567845 0.05869312 0.16266538 0.09854473 0.07369721 0.06050608
 0.0734427  0.12665822 0.14546756 0.10464656]"
16,1.862027352109348,1.228700224310971,1.4216158232216534,"[0.01265841 0.04877786 0.15886267 0.14164176 0.020626   0.18069407
 0.05316209 0.0568547  0.17311154 0.1536109 ]"
17,1.4305769539194986,1.0863160404340397,1.2107795832243216,"[0.15332114 0.10568001 0.15244346 0.0453964  0.10652202 0.05693381
 0.03954406 0.03000652 0.17586751 0.13428508]"
18,1.654801858267826,1.1732778015364622,1.3121480565121777,"[0.0999486  0.14170135 0.16688283 0.15150364 0.03715877 0.05356421
 0.02068978 0.04461226 0.13441412 0.14952446]"
19,2.0364700673638665,1.400690448482543,1.3715966994794093,"[0.00589421 0.06049512 0.09332016 0.15832267 0.06887277 0.14728289
 0.09232772 0.09651311 0.12330711 0.15366424]"
20,2.02126540053286,1.3894439766721567,1.3717557248079704,"[0.14289944 0.10063151 0.04861567 0.17367698 0.0345092  0.15588955
 0.02890438 0.0248315  0.12610067 0.1639411 ]"
21,2.189097875183891,1.5186039366292479,1.3656030739352116,"[0.15348567 0.19214108 0.06251746 0.07845883 0.02080324 0.20102945
 0.07517149 0.07275341 0.02013463 0.12350473]"
22,2.073460032983294,1.373804081740467,1.4253650777260878,"[0.15674187 0.10240789 0.06733223 0.08483492 0.02273325 0.2422752
 0.10338576 0.00541488 0.11652226 0.09835174]"
23,1.7252724550004443,1.1311223613780614,1.423351565436388,"[0.00692017 0.10737418 0.04895523 0.14289857 0.02402964 0.07706554
 0.09489254 0.05944412 0.31461655 0.12380345]"
24,1.8750203274822586,1.2377824574876823,1.4216816901906155,"[0.15760484 0.07469493 0.10794301 0.04409781 0.00126702 0.17947672
 0.10750539 0.04573915 0.15773239 0.12393874]"
25,2.105915836364054,1.3160964205654355,1.512524564329369,"[0.04035498 0.04883735 0.14271285 0.13584097 0.06843268 0.12520776
 0.11141715 0.0031038  0.12336124 0.20073122]"
26,2.4284198298779693,1.63826489062524,1.4119402618475765,"[0.03720304 0.18982129 0.00410657 0.18107389 0.07343788 0.0089046
 0.20181923 0.08853234 0.05503077 0.16007038]"
27,2.2557722136610034,1.5281608502475126,1.4006932202728775,"[0.02863912 0.04372881 0.09932062 0.12567841 0.09572846 0.12966932
 0.18784818 0.0983289  0.04066925 0.15038893]"
28,1.4574631017810842,1.0740177522289653,1.2496771377965779,"[0.0635115  0.13375463 0.22637887 0.00697647 0.02156118 0.04234032
 0.21737287 0.10127796 0.17432032 0.01250588]"
29,2.800957491371376,1.6827703422446758,1.5959811940564859,"[3.17299254e-02 9.52911983e-02 3.59269023e-05 1.76758784e-02
 6.51722770e-02 2.13505092e-01 2.43974147e-01 5.97302811e-03
 9.80773541e-02 2.28565173e-01]"
30,1.3699494002006467,1.0729339173031835,1.169374654611869,"[0.00880899 0.09552565 0.18169714 0.14808534 0.05462996 0.05055293
 0.11599823 0.12947538 0.19551464 0.01971173]"
31,1.9267274432980255,1.274976095014415,1.4207637140401983,"[0.17154095 0.09178207 0.13952578 0.05815514 0.00261414 0.14142321
 0.1516776  0.05286977 0.08868957 0.10172178]"
32,2.1805520089127257,1.3745527338047756,1.5024991671022885,"[0.0226299  0.11893527 0.08703647 0.08924084 0.05280554 0.16719247
 0.12914707 0.02994445 0.14206725 0.16100074]"
33,2.38863226739196,1.595992233139147,1.4244083078572733,"[0.09000182 0.14757837 0.00310158 0.14882194 0.10854584 0.13620568
 0.15545656 0.02350448 0.04753199 0.13925174]"
34,2.2621911905793355,1.4605184496352634,1.4699598761539827,"[0.1214419  0.08604146 0.10393892 0.05707367 0.02493197 0.18219351
 0.13352058 0.0587981  0.05177001 0.18028988]"
35,1.9594113268463784,1.2689720542409164,1.4532421336233712,"[0.11855195 0.12692216 0.17697584 0.08884087 0.03882819 0.08940487
 0.15676668 0.02534289 0.06153211 0.11683443]"
36,2.395183165388023,1.5555981905978753,1.4656069336766817,"[0.01535575 0.16272839 0.10005106 0.01962846 0.00087177 0.19934449
 0.12852062 0.12922692 0.04898898 0.19528356]"
37,2.2906658329044363,1.48111483987538,1.468743748360927,"[0.05183203 0.16108513 0.06876285 0.10451171 0.10769328 0.06330595
 0.21648508 0.00649142 0.07897653 0.14085601]"
38,2.2203414484925554,1.4125633805773712,1.490236690405537,"[0.04059199 0.10175018 0.16980906 0.04234089 0.06611573 0.17445298
 0.15353266 0.04300707 0.0383108  0.17008865]"
39,1.8187018608473644,1.223361018214697,1.3924051561658821,"[0.01038992 0.09708087 0.1507693  0.13232948 0.12329271 0.0455456
 0.10212241 0.01580165 0.15658315 0.1660849 ]"
40,2.30837452559851,1.459475651312703,1.5026539513647215,"[0.03725517 0.12333787 0.1448689  0.15839372 0.0679273  0.10089729
 0.1705195  0.02251058 0.01725187 0.15703781]"
41,1.817912844677702,1.186102040917507,1.4354795074189088,"[0.12129812 0.1323611  0.10879733 0.14213125 0.0101735  0.11708161
 0.13694523 0.00725081 0.16823145 0.05572961]"
42,2.3316121990710825,1.3698096206815964,1.6179799691692898,"[0.03921545 0.10237426 0.11605877 0.12382655 0.00869213 0.09352973
 0.17280587 0.00270499 0.13032745 0.21046481]"
43,1.6649689204345304,1.0703681832491239,1.4478020492888395,"[0.09122018 0.13951636 0.18877467 0.00247184 0.02565647 0.0374028
 0.09049267 0.03694745 0.19788944 0.1896281 ]"
44,2.015654484659118,1.3119304184300973,1.4485271373616657,"[0.05044449 0.1638254  0.10991281 0.01772654 0.091556   0.01399225
 0.18589433 0.03244546 0.15269184 0.18151087]"
45,1.9926639073368495,1.2747011878870116,1.4727971182140154,"[0.09230807 0.04736234 0.13156463 0.16399429 0.00678764 0.03289944
 0.17397473 0.05143099 0.143126   0.15655187]"
46,1.8382298125076018,1.2052168251906101,1.429570269235359,"[0.08907168 0.03003633 0.14230093 0.11779728 0.03997495 0.09014746
 0.12174215 0.05124191 0.16189597 0.15579135]"
47,2.0090509134331245,1.291202416300305,1.466666433003174,"[0.09528445 0.02099913 0.11019798 0.07921891 0.074304   0.12526438
 0.13934214 0.01969263 0.15330931 0.18238707]"
48,2.449378692315601,1.5519590622862782,1.5039642976434209,"[0.14146643 0.16291574 0.00220932 0.16202295 0.01605302 0.10000929
 0.17295979 0.01863622 0.06939156 0.15433568]"
49,1.961990305844274,1.2566794511400294,1.4695096931330522,"[0.00299409 0.00410938 0.08343773 0.17396366 0.00564287 0.19296864
 0.16261707 0.0519187  0.24142759 0.08092027]"
50,2.5165250528008376,1.570192752352733,1.52926281054986,"[0.03187987 0.0005943  0.15589183 0.06333485 0.09747991 0.20985255
 0.25485605 0.00971073 0.00494673 0.17145317]"
51,1.7384441717359516,1.1631916894571852,1.3954333711415499,"[0.04594191 0.1775819  0.17578856 0.00287753 0.03210626 0.00905308
 0.17839959 0.08443464 0.16906508 0.12475144]"
52,1.16111926311765,1.0229701040782082,1.02234814850935,"[0.19481774 0.22482228 0.09678608 0.04817222 0.02606337 0.03976689
 0.01599152 0.09238857 0.23383283 0.02735849]"
53,2.8022600882419693,1.7422741443013354,1.542221369580496,"[0.02548636 0.13985374 0.01792983 0.00441414 0.1012124  0.1630682
 0.08830541 0.00478686 0.06868558 0.38625748]"
54,1.41299998419079,1.0282703345714306,1.262034184326423,"[0.19465547 0.00946139 0.20651376 0.03401608 0.02853439 0.14590874
 0.07333381 0.05632379 0.15831031 0.09294227]"
55,1.894527247274612,1.1852268943811752,1.501180562537524,"[0.04397022 0.02727425 0.18452538 0.17778431 0.02386646 0.02433805
 0.16346678 0.02791592 0.16320907 0.16364955]"
56,2.531871551686466,1.649966126079219,1.4646263594490079,"[0.04432539 0.17788271 0.05812304 0.14908577 0.03388658 0.16601684
 0.08174306 0.06961037 0.00336223 0.21596401]"
57,1.7543520180958674,1.1673500112774224,1.4040898882327286,"[0.04318149 0.0307405  0.15288739 0.13215536 0.02485383 0.20662622
 0.05513558 0.02994011 0.20387938 0.12060014]"
58,1.269269584561139,0.9931821245588915,1.1619036275353705,"[0.13328643 0.10600649 0.16016313 0.09041751 0.08194656 0.0871023
 0.0013622  0.02147537 0.22547211 0.09276791]"
59,1.806741128339385,1.174345390699109,1.440337289610815,"[0.00464145 0.11459648 0.21798397 0.0556082  0.12106501 0.02653917
 0.1090933  0.00641457 0.13671632 0.20734153]"
60,1.741951482018454,1.1610173776500676,1.401067582707497,"[0.02267191 0.00377122 0.1995658  0.09446287 0.01405774 0.05315255
 0.13141937 0.12372267 0.17708186 0.18009401]"
61,1.9546638188324232,1.2410490212653487,1.4821140149034207,"[0.09062585 0.11626332 0.14724589 0.07321182 0.0118137  0.11908129
 0.13549884 0.04293342 0.12836654 0.13495934]"
62,2.1858524791009524,1.2909975557351845,1.6038487436863897,"[0.01135437 0.10871187 0.1809133  0.0148016  0.03024356 0.10356504
 0.19305808 0.02068934 0.13181896 0.20484389]"
63,1.3529814324949068,0.9927551977487193,1.2467260449189894,"[0.14043148 0.19885148 0.17444335 0.00963789 0.02095215 0.04436442
 0.13523407 0.05406327 0.2041949  0.017827  ]"
64,1.7372563821508802,1.125704533007203,1.4408476321802508,"[0.12516857 0.11387131 0.15251328 0.11098534 0.00295792 0.10543569
 0.046226   0.00897128 0.17889967 0.15497094]"
65,1.116208169837075,0.9530050303156483,1.050278295249585,"[0.05922635 0.11813415 0.22440127 0.05819477 0.13023928 0.15457376
 0.01509139 0.02197426 0.20549099 0.01267378]"
66,2.376343035638486,1.5444585629585026,1.463979299046018,"[0.05671319 0.10157994 0.07492493 0.13896379 0.10369603 0.10736262
 0.1774656  0.02997424 0.03553116 0.1737885 ]"
67,1.069057461424398,0.9233908664363976,1.0328993115043077,"[0.04083536 0.14463982 0.24216973 0.13248714 0.07791552 0.00566158
 0.0091407  0.08644333 0.20409364 0.05661319]"
68,2.3735791366998504,1.5390354523162697,1.4673420693904182,"[0.05324316 0.16041286 0.09884693 0.14636677 0.03337367 0.14119135
 0.1165752  0.06579795 0.01093586 0.17325625]"
69,2.666379513283945,1.585409233925892,1.6091062089589898,"[0.02366168 0.08964598 0.05326284 0.17463614 0.00103623 0.11561251
 0.23446682 0.02685297 0.08277031 0.19805452]"
70,2.0059163824819564,1.2907558097395118,1.4647454591977616,"[0.13128036 0.0493391  0.09067038 0.10901001 0.06380771 0.08761011
 0.16772007 0.00271587 0.14934589 0.1485005 ]"
71,2.355626575434037,1.4890180580336125,1.504574704191121,"[0.02070291 0.22975214 0.13188769 0.15022713 0.0153919  0.14767125
 0.15524383 0.04296057 0.00277662 0.10338596]"
72,1.7647614458168808,1.1644409804478664,1.416537035607923,"[0.06162279 0.17231851 0.23905277 0.02852539 0.06530106 0.12584633
 0.16838556 0.01271316 0.07497342 0.051261  ]"
73,1.5572279103380913,1.0521619643666946,1.37045463335403,"[0.08702446 0.12588311 0.10932543 0.04769138 0.02329356 0.08521572
 0.16751531 0.04077635 0.27234143 0.04093325]"
74,1.9702306369038396,1.2665326385367266,1.4645836271649888,"[0.03286839 0.17943491 0.13934266 0.17188516 0.04665676 0.00657029
 0.08233502 0.00827925 0.14050572 0.19212186]"
75,1.2862037449675974,0.9826842652908715,1.1915486134176914,"[0.12584246 0.13009829 0.18116259 0.08096626 0.08093245 0.02281493
 0.04939978 0.03519053 0.20348297 0.09010972]"
76,2.4331225978503057,1.5496969530080873,1.4956697966775527,"[0.08154172 0.14284715 0.09006631 0.12812348 0.06512531 0.18667331
 0.16921115 0.00568315 0.00247126 0.12825717]"
77,1.1376333936331062,0.9393364932893513,1.088370067280361,"[0.03994749 0.04217516 0.25282864 0.12362121 0.10863956 0.01039876
 0.11923746 0.08199581 0.19511892 0.02603699]"
78,1.683253263456968,1.0885035212594085,1.4404781992895537,"[0.062582   0.11600898 0.26718201 0.04525475 0.03044259 0.15272562
 0.04163588 0.01318268 0.11602017 0.15496534]"
79,2.020651789839796,1.2823996693552073,1.4857802634688293,"[0.10317887 0.09494891 0.1429881  0.03631926 0.06696621 0.14785616
 0.14435431 0.00054232 0.11116512 0.15168074]"
80,1.3698889421278497,1.0210749421279157,1.2287063555593574,"[0.13082035 0.08473458 0.17275557 0.1812145  0.04721676 0.08663722
 0.01074505 0.0121233  0.19542355 0.07832913]"
81,1.6159490678207082,1.0547330434706974,1.4227878854063065,"[0.08360781 0.0354062  0.22951379 0.03571982 0.04344825 0.01493254
 0.22843094 0.01423074 0.20560525 0.10910465]"
82,1.9958446704051969,1.2631475959085663,1.4887864294430762,"[0.00956426 0.12725042 0.12293146 0.02943459 0.10380088 0.10265241
 0.16767757 0.00713739 0.17480329 0.15474773]"
83,2.703283013571188,1.621019901107029,1.5965228684551709,"[0.01672921 0.14696177 0.01588559 0.2368634  0.0044147  0.07274292
 0.16680426 0.0150648  0.08738063 0.23715272]"
84,2.4543562430435637,1.556677084195806,1.5026035878334214,"[0.21310866 0.10924359 0.02515496 0.01788537 0.03544557 0.02482165
 0.26515395 0.00974966 0.0805264  0.21891019]"
85,2.48470940958195,1.513810209481433,1.565203962497212,"[0.01338013 0.10436874 0.12623829 0.14030345 0.03465942 0.11688053
 0.12884484 0.03339914 0.04632726 0.2555982 ]"
86,1.7481951559824225,1.1498202326602054,1.4201415476675667,"[0.09830353 0.09444939 0.18851242 0.06008666 0.03645965 0.16809461
 0.06317635 0.01453217 0.14150749 0.13487772]"
87,1.3156495035638298,0.9744791942895418,1.231798317875934,"[0.07081068 0.19553122 0.228502   0.00739021 0.00344983 0.14215031
 0.03817593 0.07892675 0.19267928 0.04238379]"
88,1.8305839401348551,1.1584925673385376,1.4806277720388086,"[0.03921362 0.15059599 0.18781744 0.06727089 0.03344553 0.10927802
 0.12978965 0.02892767 0.14227225 0.11138895]"
89,1.4897230516850424,1.008225936061649,1.3632216066777758,"[0.07021639 0.16191545 0.2006976  0.04791519 0.01149097 0.161398
 0.01419546 0.01185378 0.21852576 0.10179139]"
90,2.3917475849166725,1.5008399856954735,1.5167905542101532,"[0.05478602 0.15519023 0.05872931 0.18274073 0.02145029 0.12472696
 0.16129039 0.03002601 0.07068608 0.14037399]"
91,1.9968937441130155,1.2626382751140097,1.4902178319521,"[0.12905391 0.10412152 0.21545825 0.075582   0.00345326 0.14780109
 0.03539464 0.00051995 0.06456844 0.22404693]"
92,2.7795142139923756,1.657289580585255,1.607580578536344,"[0.02537586 0.02940532 0.04465909 0.14678343 0.01860416 0.23138059
 0.24440582 0.0078619  0.06894721 0.18257662]"
93,1.4053455745850143,0.9885188141397272,1.305041325363978,"[0.09991342 0.14974712 0.14350771 0.1096414  0.04654069 0.09840684
 0.05518808 0.00434071 0.24215861 0.05055542]"
94,1.6425775489576218,1.0530708771587864,1.4503201169568132,"[0.1264438  0.05089367 0.18165428 0.00444301 0.01421089 0.14056192
 0.15259342 0.02185501 0.20914543 0.09819857]"
95,1.4963552426242384,1.0284230603441782,1.3428982921961758,"[0.02495873 0.13113011 0.23367624 0.07113566 0.09587218 0.03860874
 0.09699347 0.03017589 0.16643998 0.111009  ]"
96,1.997013156178257,1.2751832992772238,1.4756509797547894,"[0.07349444 0.10025772 0.11375943 0.08235992 0.00316519 0.19311258
 0.07904816 0.03466552 0.16598888 0.15414818]"
97,1.9973903415601193,1.2616930563424666,1.4917278500234334,"[0.09995859 0.14045897 0.14732634 0.12600531 0.00215687 0.11973649
 0.10842553 0.02128458 0.10335631 0.13129099]"
98,1.95593583249874,1.173521123930659,1.56848319449137,"[0.00655732 0.01869842 0.34176836 0.00303732 0.0283245  0.04616089
 0.09816886 0.0357713  0.09098788 0.33052514]"
99,2.4016578090152336,1.4438978447970061,1.5834708431909819,"[0.00944493 0.16315709 0.18663659 0.08203968 0.03886938 0.16235702
 0.1819151  0.00761425 0.00794244 0.16002352]"
100,2.0666001222128756,1.2798089638783654,1.5246904077517103,"[0.10433695 0.05919558 0.12950338 0.04406489 0.0049676  0.05909909
 0.2383232  0.03353257 0.16785526 0.15912148]"
101,1.738911173779796,1.140208118267482,1.4239711825714547,"[0.13158653 0.07815995 0.17223247 0.04879798 0.01406907 0.15059206
 0.05828324 0.02616923 0.16081674 0.15929273]"
102,2.0578023070775857,1.2675257539775264,1.5325247867738,"[0.04500141 0.18018781 0.13112342 0.09839851 0.01624506 0.01045994
 0.14841989 0.02422136 0.15575511 0.1901875 ]"
103,2.4117115471159325,1.5052299495637598,1.5256299388333303,"[0.00786104 0.19328529 0.04874928 0.20247557 0.01241952 0.06877165
 0.15063562 0.04694773 0.09777752 0.17107678]"
104,2.0282505805528306,1.2655118524664266,1.5116120055230409,"[0.13287991 0.06056448 0.10644097 0.06285275 0.00284409 0.14927224
 0.14040539 0.02505561 0.16015993 0.15952464]"
105,1.9597470031576234,1.2113650822203053,1.5226287755827055,"[0.0845635  0.11292661 0.16726695 0.04312243 0.03651122 0.08756444
 0.17076426 0.01030329 0.13774199 0.14923531]"
106,1.526312077965763,1.00981785882955,1.3973058551057542,"[0.12937419 0.02111787 0.23058246 0.06648185 0.01366908 0.00399343
 0.0936096  0.04911353 0.19484741 0.19721058]"
107,2.0389575224585257,1.2552638303933272,1.5324824986177463,"[0.04124215 0.06107344 0.17274305 0.05293142 0.03481324 0.15783885
 0.18881395 0.02102391 0.13815087 0.13136911]"
108,1.9663479487241846,1.2380937318611878,1.4950889660903675,"[0.03258357 0.06494456 0.14668623 0.06035506 0.04540768 0.19782427
 0.1999216  0.00027692 0.1792082  0.07279189]"
109,1.7993020475209516,1.145987835965478,1.4694871301747434,"[0.00450815 0.06465581 0.28313753 0.05307357 0.03661761 0.1027785
 0.04151977 0.04571135 0.12083472 0.24716299]"
110,1.688045497907714,1.085577313178149,1.4487755110415976,"[0.02781553 0.18700615 0.2029949  0.03876912 0.01898791 0.04233083
 0.18982707 0.03893813 0.18494244 0.06838792]"
111,2.0323541733781085,1.2166198793328158,1.5757316929561722,"[0.06248086 0.15603437 0.15226302 0.00516018 0.00172792 0.16346808
 0.13891233 0.00335766 0.16540179 0.15119379]"
112,2.56758265691202,1.5081036194073287,1.626078575849366,"[0.01676036 0.13649703 0.08976288 0.0568326  0.0164123  0.13895635
 0.21816439 0.01862539 0.09510419 0.21288451]"
113,1.6108439197898095,1.0524518442891204,1.4210210725290786,"[0.16851477 0.10684475 0.17544826 0.07668663 0.00492024 0.09356018
 0.11246556 0.00650402 0.16891728 0.08613832]"
114,0.9860395950216525,0.790270534603925,1.1018403010877624,"[0.13457363 0.04335906 0.2504682  0.0433091  0.01550466 0.06045772
 0.07357566 0.09120302 0.25442009 0.03312885]"
115,1.3048199732109356,0.9694494398439314,1.2270184014646064,"[0.10140171 0.01960106 0.21763031 0.05981166 0.08493316 0.12521127
 0.10767404 0.04140016 0.19945142 0.04288522]"
116,1.29288223631136,0.9270020389155801,1.2703257551148968,"[0.05385477 0.15175058 0.21355794 0.1698267  0.02839461 0.02603843
 0.09659725 0.02870074 0.22146401 0.00981495]"
117,1.7632517051933987,1.1407874345361264,1.4445846650043324,"[0.14296866 0.07445502 0.17009955 0.04862861 0.03266955 0.04792389
 0.11850523 0.02705021 0.1573052  0.18039408]"
118,2.4099160318649453,1.4769439346935065,1.5536326780801242,"[0.07110934 0.09190269 0.13793238 0.1704255  0.02646052 0.12630683
 0.16850473 0.01268227 0.01670813 0.17796761]"
119,1.3315421100456872,0.8694139980639575,1.3989358826993927,"[0.09361162 0.06922803 0.31756427 0.06363728 0.00947629 0.05838271
 0.08345819 0.03483438 0.16366127 0.10614596]"
120,1.5342293918391026,0.9801896170280454,1.4476196196695958,"[0.01388099 0.19899842 0.32630618 0.03723715 0.01620674 0.15851539
 0.04322347 0.00104985 0.11750567 0.08707614]"
121,2.2985837064081336,1.3454225873438466,1.6227585709598888,"[0.01969353 0.20972392 0.08787088 0.03608987 0.00714285 0.05901142
 0.1945108  0.00703654 0.17773936 0.20118084]"
122,1.5746479097604598,1.0460306118676495,1.3951410426908526,"[0.02596061 0.08978728 0.15299763 0.16059256 0.06189354 0.09313422
 0.05468582 0.00165616 0.24549679 0.11379539]"
123,1.8584772321899725,1.145398694585452,1.5219063625596319,"[0.08233537 0.00709456 0.21524503 0.08711045 0.01189065 0.16794903
 0.10493574 0.01104592 0.14788745 0.16450579]"
124,1.7074878494860557,1.0890172622994023,1.4620522863809637,"[0.03484302 0.11581323 0.09360516 0.19098408 0.01615761 0.02144435
 0.10612645 0.01224703 0.28557198 0.1232071 ]"
125,1.0314053985468254,0.848022887231391,1.0802983517400957,"[0.33131675 0.00402998 0.31271745 0.05548702 0.03034946 0.02538693
 0.04168568 0.01437783 0.09826664 0.08638226]"
126,1.7771533680061407,1.137984577766665,1.460358715963211,"[0.16172604 0.04759371 0.16912567 0.04262394 0.0043496  0.10209987
 0.15401453 0.03235378 0.15600404 0.13010882]"
127,1.7220231180898535,1.1129325680162623,1.443695236379765,"[0.0418418  0.14598737 0.1880141  0.08093155 0.01695569 0.06277472
 0.13354312 0.05613661 0.16766553 0.10614951]"
128,2.425092452672478,1.500854632484336,1.5389930053493759,"[0.02820468 0.11687086 0.12441897 0.17131592 0.02876749 0.16360976
 0.1538714  0.02732759 0.02609489 0.15951845]"
129,2.4546552274774927,1.5042789528428278,1.5551421176395606,"[0.0284722  0.00367702 0.0715032  0.0475666  0.07282736 0.21812823
 0.1637745  0.01323608 0.13583529 0.24497951]"
130,1.0905215947752969,0.843228934208395,1.1565470348309959,"[0.0841735  0.12095057 0.27029735 0.0497029  0.03616837 0.09132787
 0.04534666 0.06518689 0.20794363 0.02890227]"
131,2.338339485070469,1.3923088443565959,1.5966657274700382,"[0.00191727 0.20625495 0.02648957 0.04587243 0.01306329 0.14166158
 0.15791413 0.01813373 0.20695274 0.18174031]"
132,2.4472581922532317,1.5025837583679278,1.5519737306047339,"[0.07529343 0.00175955 0.09374763 0.128227   0.04813483 0.19089334
 0.18323861 0.00817225 0.07411956 0.1964138 ]"
133,2.038354942978146,1.2441553074996066,1.5456810417102023,"[0.09995046 0.11813521 0.21329821 0.10856814 0.00464455 0.07243127
 0.15269754 0.01012519 0.06145496 0.15869447]"
134,1.3724232380861507,0.9710253292442992,1.2946475534594346,"[0.05948125 0.1774822  0.18135028 0.0783491  0.00468244 0.00583174
 0.13168897 0.07516699 0.24416488 0.04180216]"
135,0.8336392479665431,0.7349279583804451,0.9774448890428553,"[0.07340137 0.01366972 0.30217204 0.02011356 0.15610352 0.01231041
 0.10146336 0.0169668  0.26502625 0.03877296]"
136,2.113373591291751,1.2790418817614033,1.5621739589224832,"[0.02142124 0.2196254  0.06392979 0.04345578 0.02694491 0.07116475
 0.20352807 0.00167489 0.22151949 0.12673569]"
137,2.418970077188749,1.4967748595594952,1.5390974743080947,"[0.01598242 0.06683208 0.10845311 0.07921451 0.07885342 0.07926981
 0.21109456 0.03942768 0.0842421  0.23663029]"
138,1.5817542287004693,1.0426847857461095,1.4064332552989536,"[0.01888181 0.02733506 0.20008998 0.16350712 0.02089555 0.09845394
 0.04833497 0.04658812 0.22707674 0.1488367 ]"
139,2.815815068857053,1.701191011486735,1.5874333801376506,"[0.05682369 0.07314426 0.0361769  0.16543606 0.04158099 0.16467453
 0.23570744 0.00650641 0.01693594 0.20301376]"
140,1.082219834480637,0.7862717011529812,1.2297684907518107,"[0.04983863 0.02331997 0.26698266 0.04466433 0.0067065  0.14159885
 0.04078531 0.06741763 0.29609949 0.06258663]"
141,1.6693428309196914,1.0758034120046374,1.4445531054702732,"[0.04537777 0.13705475 0.17139293 0.02990937 0.07789095 0.03897177
 0.09971987 0.00813261 0.21763641 0.17391357]"
142,2.6559848606542023,1.5602754492871982,1.6283645240858122,"[0.00441866 0.0673961  0.12573263 0.03449321 0.02795534 0.16297287
 0.1908114  0.03364304 0.06262411 0.28995265]"
143,1.7309197798504428,1.114680544254366,1.449412674281758,"[0.03018646 0.13090667 0.20358391 0.12831999 0.01273105 0.10553762
 0.14793609 0.03602265 0.1512663  0.05350925]"
144,1.6552548051011036,1.047470345443982,1.470177309139472,"[0.06024281 0.16614106 0.20580738 0.04445051 0.00025827 0.0956703
 0.15944363 0.02497226 0.18558656 0.05742723]"
145,1.714143815473314,1.1096772222101612,1.4408299208448838,"[0.06389371 0.08041964 0.24839293 0.02251151 0.05526662 0.03941824
 0.14583388 0.04912712 0.12644054 0.16869579]"
146,1.3923862081096277,0.9793887115096371,1.3039751447698653,"[0.01092048 0.0161695  0.22830511 0.07407855 0.04642315 0.15653196
 0.06813096 0.07170585 0.23703738 0.09069706]"
147,1.3831846091248543,0.9755786285778562,1.2996358271400907,"[0.13679172 0.01602373 0.1914604  0.09078779 0.0088565  0.07203443
 0.0542742  0.06948956 0.22690037 0.1333813 ]"
148,1.5607708445752504,1.0310548053292317,1.40194601283179,"[0.0653482  0.1996591  0.21846348 0.06184882 0.01182579 0.02947491
 0.17898384 0.02221983 0.17862357 0.03355245]"
149,2.5117040247535316,1.5050260871921846,1.5922756249305092,"[0.06859464 0.21681793 0.03837507 0.04196494 0.00744076 0.16378917
 0.18093768 0.00390822 0.10437339 0.17379819]"
150,2.425556040119716,1.491369864272477,1.5490914924808667,"[0.06662651 0.17126828 0.08194403 0.1697574  0.02179831 0.09187483
 0.20970104 0.00220546 0.05499908 0.12982505]"
151,2.581002426071916,1.519325446728014,1.6229009789503288,"[0.00313033 0.20313818 0.03171169 0.11553779 0.00920874 0.07361237
 0.18828539 0.01408568 0.13498063 0.2263092 ]"
152,2.063515665405301,1.2312680802973244,1.5822939174237096,"[0.02745072 0.06827748 0.22223412 0.00727619 0.00464002 0.20667059
 0.19833621 0.0066056  0.13237244 0.12613661]"
153,1.6391577991426725,1.0386922892460457,1.4671044963816238,"[0.07118982 0.03868024 0.21932809 0.0039837  0.02269098 0.16006778
 0.19044901 0.00713296 0.21775892 0.06871849]"
154,2.4925628946116944,1.4415625901786993,1.649096084745183,"[0.01717335 0.15230605 0.17772046 0.03247052 0.00336629 0.11162113
 0.16268773 0.01801788 0.05243674 0.27219986]"
155,2.3489108644487606,1.41362158057073,1.5800715155424336,"[0.01170335 0.17267667 0.17426447 0.10911056 0.03135882 0.16093198
 0.16572912 0.0004091  0.02888144 0.1449345 ]"
156,1.8121069100171618,1.0998220747334484,1.5428124946442126,"[0.03955176 0.14910989 0.19392172 0.03351904 0.02456036 0.0719727
 0.07121819 0.00061941 0.20110267 0.21442426]"
157,1.0636470214376714,0.7755739142107346,1.2227839704612753,"[0.05055832 0.00037529 0.30204228 0.21198502 0.01886732 0.10359701
 0.01100941 0.0056853  0.25342399 0.04245607]"
158,1.981305218611174,1.190011508243111,1.5680668081380291,"[0.03858134 0.08214843 0.1596023  0.07568759 0.00506698 0.1601485
 0.15733463 0.00938978 0.18384088 0.12819957]"
159,2.095608653919025,1.2503289474974342,1.5838399859891368,"[0.04336432 0.09049664 0.12595321 0.03025781 0.02235379 0.05417014
 0.21705799 0.01418374 0.2084984  0.19366397]"
160,2.8060890806409873,1.680475069847742,1.6012147146294222,"[0.10052739 0.07373269 0.04750639 0.11029797 0.01030657 0.02611726
 0.28399603 0.0178758  0.04924819 0.28039171]"
161,1.3661721456838771,0.9472213288059526,1.3205830954290685,"[0.22978299 0.00567005 0.16243608 0.02627432 0.00067384 0.10194998
 0.04733443 0.02495626 0.25357329 0.14734876]"
162,2.214970089213333,1.345365095910016,1.5606785283516023,"[0.03958469 0.1177744  0.17747197 0.14168808 0.0300875  0.06607128
 0.20805576 0.00449301 0.06785593 0.1469174 ]"
163,1.615391750209786,1.0185105155999694,1.4728410320763843,"[0.00109199 0.12982818 0.20108989 0.09102437 0.02104008 0.08988557
 0.07254689 0.03194422 0.22912727 0.13242153]"
164,1.416132731141312,0.9783440195672976,1.3296397114828522,"[0.12640977 0.05043706 0.2223081  0.01459466 0.08774647 0.10406081
 0.09163334 0.00509574 0.18716892 0.11054513]"
165,2.1967053988591525,1.3399296752720473,1.5533783347276664,"[0.06108983 0.15674116 0.09274768 0.08330492 0.00929227 0.11811972
 0.13741282 0.02239439 0.14256521 0.17633198]"
166,1.2659931550104424,0.859423307527189,1.338927480438575,"[0.11087796 0.13979936 0.24086703 0.06088747 0.01099698 0.01515772
 0.12515515 0.0164198  0.2337549  0.04608363]"
167,2.1902835616894363,1.3184435993042278,1.5738222640328197,"[0.06380749 0.02391606 0.21757397 0.01105248 0.01218116 0.22105389
 0.1370468  0.01452952 0.08424532 0.21459333]"
168,2.86794746198472,1.7235403848961997,1.5970961950610878,"[0.0407465  0.12673094 0.00713458 0.06999098 0.00995125 0.20449756
 0.17292296 0.04345139 0.05498731 0.26958652]"
169,1.3405756787524414,0.9415158781043169,1.3013991967789276,"[0.06803709 0.05387938 0.23205781 0.11418801 0.00174239 0.03924975
 0.08075896 0.09151959 0.21928281 0.09928421]"
170,2.188303062915933,1.3174078366539272,1.5735562929003746,"[0.04542056 0.15979381 0.11786625 0.08165044 0.01334068 0.14479411
 0.14761379 0.00393361 0.13410656 0.15148019]"
171,1.7820694526928231,1.0957421061857335,1.5211442291489516,"[0.07688478 0.22741008 0.22470981 0.01177321 0.00354371 0.07671431
 0.1019915  0.00731886 0.13035047 0.13930326]"
172,2.7613734497065314,1.6539749568838173,1.5998342462566848,"[0.05397601 0.11484162 0.08087365 0.05105212 0.05326831 0.03976511
 0.2762756  0.01139459 0.03739216 0.28116082]"
173,1.1273421457606199,0.7925069935148327,1.2770290771053006,"[0.13843866 0.02586923 0.31891478 0.09644865 0.00355514 0.02959533
 0.0405416  0.03712507 0.19683597 0.11267557]"
174,2.1192769208805267,1.287654229791084,1.5563100739961753,"[0.10852432 0.04187478 0.09131657 0.10068529 0.00549959 0.0057937
 0.20998218 0.00796004 0.20980944 0.2185541 ]"
175,1.4866484253172025,0.9769914118151622,1.4036569180648792,"[0.09135308 0.0144459  0.2509264  0.05079189 0.02496133 0.03378656
 0.07046422 0.04958291 0.20814402 0.20554368]"
176,2.0735486450991276,1.2481281963163857,1.5689582044902821,"[0.03085806 0.07662525 0.13037565 0.00157235 0.04829298 0.10793057
 0.19532803 0.01412502 0.20355119 0.19134088]"
177,2.3755679729537427,1.4369177520407868,1.5730060391492109,"[0.02700845 0.01266415 0.00461606 0.08852772 0.03580194 0.15456122
 0.16858577 0.03249847 0.23417934 0.24155688]"
178,1.8758553061380043,1.170861876140315,1.503651003403362,"[0.061445   0.01656884 0.18007114 0.10821637 0.03238714 0.05982708
 0.18298134 0.02940898 0.17402601 0.1550681 ]"
179,1.5491338020837873,1.0149459944802728,1.4127314543323515,"[0.0017874  0.18815014 0.22534201 0.09940027 0.05846944 0.02382193
 0.09386201 0.01829594 0.18675534 0.10411551]"
180,2.4303032964316458,1.4361166445604152,1.6119969321206344,"[0.04490496 0.1106608  0.12502772 0.03510825 0.01860306 0.09330318
 0.19590761 0.02535945 0.10002359 0.25110138]"
181,2.918572014799234,1.7806020102413307,1.5743463881557784,"[1.26381878e-01 1.04339014e-01 8.30676987e-03 9.07292071e-02
 1.77749317e-02 7.07391776e-02 2.14893527e-01 4.58588890e-02
 1.44859807e-04 3.20831747e-01]"
182,1.3328510398322728,0.9411208381576719,1.2937375512616267,"[0.24895589 0.04613511 0.16763775 0.05337418 0.0265709  0.02590335
 0.10502009 0.00073984 0.2250436  0.10061928]"
183,2.988951499993937,1.7873467354926,1.6077819550603687,"[0.00589308 0.117801   0.0335665  0.03722206 0.07641693 0.13805725
 0.28487417 0.02039581 0.01716287 0.26861033]"
184,2.0971921779799576,1.2501151426520998,1.5853775697352976,"[0.04493532 0.10277201 0.153324   0.00470543 0.02878543 0.05274872
 0.2142902  0.01248317 0.18180362 0.20415212]"
185,2.373985262273294,1.4307379904488917,1.578694076846142,"[0.00757602 0.02818009 0.05770469 0.00587328 0.00707176 0.06896195
 0.21310138 0.08731745 0.22723597 0.2969774 ]"
186,2.2264098726001755,1.341547877171057,1.573646559539161,"[0.07000723 0.03405747 0.15254173 0.11217505 0.01928405 0.1147928
 0.14642094 0.01744934 0.10718036 0.22609104]"
187,2.129871585266096,1.2908107381330527,1.5607120815767201,"[0.05616329 0.1094427  0.09452163 0.017366   0.05113263 0.12287988
 0.15534126 0.0017535  0.19024036 0.20115875]"
188,1.8603875339329063,1.1605941146304446,1.5036263243982613,"[0.09707667 0.14736903 0.1688062  0.03537157 0.02022484 0.14007697
 0.11706803 0.00175886 0.14845368 0.12379414]"
189,1.8735242327881574,1.1695701522361994,1.5033185980281392,"[0.1448003  0.04403366 0.19444892 0.01420013 0.0198511  0.1217028
 0.16379959 0.01538996 0.12879065 0.15298289]"
190,2.9248733265114595,1.741763018009104,1.6130699907097794,"[0.00473783 0.2712182  0.03012183 0.0428195  0.01431737 0.12378957
 0.17197537 0.04054346 0.01437026 0.28610661]"
191,1.685655986211788,1.0302302517745492,1.524288684276147,"[0.03768514 0.12124209 0.20224657 0.08722976 0.01568706 0.06434934
 0.12189234 0.01120709 0.2111144  0.12734622]"
192,1.1595645297902546,0.8318031596098167,1.255437475192122,"[0.05253383 0.2061182  0.18107224 0.05712645 0.04451746 0.05428525
 0.01760489 0.00586339 0.3159641  0.06491419]"
193,2.794677728545043,1.6516457924900743,1.6222546441223524,"[0.07550296 0.11064132 0.06252992 0.02675299 0.02531313 0.16968216
 0.23866213 0.00910662 0.03486385 0.24694492]"
194,1.7158913901030362,1.0953815966222145,1.4612293321394834,"[0.06643083 0.01407637 0.22856104 0.11722713 0.03350496 0.11604916
 0.07095244 0.0210658  0.15723664 0.17489562]"
195,2.355030656629239,1.4202133263219288,1.5770468730897302,"[0.04465858 0.05939328 0.0351493  0.06245947 0.02221449 0.20339093
 0.19090943 0.01275647 0.19620638 0.17286166]"
196,2.4034581317736565,1.4292928277857597,1.6009108952750999,"[0.01538011 0.20569324 0.0247992  0.05832074 0.01151638 0.00530273
 0.22175078 0.01748195 0.21149163 0.22826324]"
197,2.8101735292929426,1.6752459627984733,1.6086508595778375,"[0.02841735 0.14793029 0.08174914 0.19060636 0.00770996 0.01927281
 0.23493558 0.02095036 0.00789502 0.26053313]"
198,1.766654595619279,1.071480315560306,1.5412013645093028,"[0.01450752 0.04766398 0.16181077 0.12964429 0.02209291 0.02385576
 0.0805254  0.00317463 0.28068711 0.23603762]"
199,2.1392045436709175,1.2876433106274205,1.5717993140909974,"[0.00992852 0.09477508 0.07901435 0.02707573 0.03982968 0.17053457
 0.13774643 0.01080664 0.23287918 0.19740981]"
200,1.4678273806572346,0.9435073000236701,1.4335233117861688,"[0.03741929 0.05342135 0.26880356 0.05045318 0.04645178 0.10114356
 0.0308379  0.00524202 0.22160566 0.1846217 ]"
201,2.2056723049482514,1.337696441754605,1.5626748853226353,"[0.06017657 0.09501401 0.20530782 0.08771483 0.02392103 0.16709393
 0.11081809 0.00341555 0.04590455 0.20063361]"
202,2.232454636142904,1.3397431849941683,1.5802782119912353,"[0.03713128 0.09833088 0.28307057 0.07921984 0.01267904 0.01248903
 0.14026182 0.03562549 0.00698724 0.29420483]"
203,2.3672250595419566,1.4202887236704351,1.5855490160405028,"[0.01144219 0.20788568 0.19087589 0.05829507 0.02596437 0.08308058
 0.17904425 0.02830899 0.01762976 0.19747323]"
204,1.0231265290451201,0.7697098447769115,1.1794559521001924,"[0.18683283 0.08704561 0.22856573 0.03724082 0.02044447 0.01765161
 0.02335485 0.01658064 0.27959989 0.10268356]"
205,1.6108577733074643,0.9540971042743442,1.5675239924473623,"[0.00491528 0.0486344  0.23783169 0.04913114 0.00626282 0.15567303
 0.10728696 0.00086709 0.26118463 0.12821294]"
206,2.1364256949258262,1.286832416696632,1.5706303303124112,"[0.04140531 0.03761475 0.0327756  0.07554291 0.03221057 0.0004641
 0.18320102 0.01366078 0.30745142 0.27567355]"
207,2.044449657877741,1.222169278980773,1.5784736368546974,"[0.0230133  0.03639129 0.1927464  0.09676694 0.03703998 0.08190255
 0.15913712 0.01303433 0.15142609 0.20854201]"
208,1.8799105045240325,1.1613129610447244,1.519506707049657,"[0.05622788 0.01728525 0.25592081 0.01964384 0.01803876 0.09496771
 0.15573887 0.06050216 0.11988385 0.20179087]"
209,2.707149922501862,1.627622972219069,1.5924217681293178,"[0.0205552  0.17190808 0.05430295 0.14697308 0.02707262 0.19059035
 0.1791663  0.00124556 0.03117774 0.17700811]"
210,2.152780833461507,1.2812384459848516,1.5902529061735007,"[0.03983917 0.04443238 0.14499902 0.03416198 0.03704581 0.08356119
 0.20062881 0.01506859 0.17766027 0.22260278]"
211,2.928681422300342,1.7226075556685918,1.633218048887234,"[0.09141825 0.24622021 0.01108334 0.01860678 0.00930659 0.09465884
 0.21376258 0.00107336 0.02569157 0.2881785 ]"
212,0.8367318051152651,0.7061761659671482,1.021620621951082,"[0.1323603  0.07029811 0.30434704 0.0114124  0.03866269 0.07948879
 0.02395258 0.05940374 0.24534131 0.03473303]"
213,2.007192920390143,1.2150173604818753,1.5571014132727599,"[0.00814312 0.10026571 0.19590034 0.06049843 0.02413447 0.12440254
 0.15390337 0.03226388 0.14024595 0.16024219]"
214,1.9920163677365474,1.196851970083614,1.5680541482273362,"[0.03354422 0.03184342 0.15472703 0.06701248 0.02314814 0.07202506
 0.22667545 0.01287677 0.21787106 0.16027636]"
215,0.9003901886297632,0.7387163264584573,1.0627929683926347,"[0.14925237 0.03377518 0.31796822 0.06533648 0.09458356 0.00136371
 0.08905845 0.00547634 0.20799838 0.0351873 ]"
216,2.2090412871868637,1.3203025610176693,1.585813492886171,"[9.09300528e-05 9.04493686e-02 2.06385711e-01 1.23293064e-01
 2.20285993e-02 2.85568711e-02 1.90199737e-01 2.95892120e-02
 9.11975829e-02 2.18208925e-01]"
217,1.1916993237574234,0.8551652934687924,1.2587176546399776,"[0.00963459 0.12195971 0.30399701 0.14091609 0.00566064 0.03459313
 0.06929645 0.07922361 0.19613366 0.03858512]"
218,1.214240191824544,0.8591024173239716,1.2791868564574729,"[2.31789400e-02 3.44363386e-02 2.61507233e-01 2.02985624e-01
 2.04310725e-04 6.37569053e-02 8.82572791e-02 5.87031989e-02
 2.45680501e-01 2.12896691e-02]"
219,1.9902591286379454,1.1949038405062606,1.569140037754565,"[0.01693586 0.09988777 0.22259735 0.07713376 0.00230548 0.18426182
 0.12025156 0.01085072 0.12462421 0.14115145]"
220,1.8184852426071128,1.1055759473617095,1.5405523025701315,"[0.13219822 0.04174544 0.215613   0.01398181 0.00985674 0.07599742
 0.14891577 0.01023867 0.15870349 0.19274945]"
221,1.8938797579568782,1.1634295146197715,1.5287493263442569,"[0.04768284 0.04864257 0.18273117 0.10486896 0.01213979 0.1550165
 0.09505387 0.01515802 0.173533   0.16517328]"
222,2.67132813808753,1.6015856229567391,1.5959436886901268,"[0.00818157 0.00953378 0.14089801 0.10901648 0.05751851 0.20614664
 0.21739978 0.01313623 0.01135802 0.22681099]"
223,2.157410190697946,1.2825614913349446,1.5922219193869147,"[0.0207513  0.14294252 0.24276524 0.01612158 0.04986045 0.03189923
 0.14302206 0.00300856 0.07532164 0.27430743]"
224,1.9881692201029035,1.177410825444149,1.5906780440578407,"[0.00633058 0.0005309  0.21086067 0.10759994 0.01310583 0.11752673
 0.10145446 0.01728882 0.18325681 0.24204526]"
225,2.6626730626689272,1.580184669784902,1.6120808157079551,"[0.04183222 0.02947493 0.10695988 0.10549794 0.00973064 0.23939873
 0.21366932 0.00826033 0.04778615 0.19738987]"
226,2.3605410839364738,1.413195803764816,1.5887772994528733,"[0.00549111 0.1573158  0.21045374 0.00181903 0.00228579 0.18918984
 0.16523193 0.04636071 0.02909773 0.19275432]"
227,1.9025330267438032,1.1718779689912533,1.525112172771179,"[0.03213347 0.09272115 0.25025216 0.00957289 0.02339832 0.07833247
 0.0879545  0.04575696 0.12685541 0.25302267]"
228,1.428833189683313,0.9427991491579601,1.3932400338116553,"[0.07600679 0.0638135  0.28090869 0.04235923 0.02181596 0.13862968
 0.12273244 0.0281594  0.17143409 0.05414021]"
229,2.433417781269944,1.4351411011590662,1.615262853363248,"[0.02112439 0.12469294 0.08219629 0.01790084 0.00623035 0.1880361
 0.2121803  0.01753784 0.15064238 0.17945857]"
230,1.1422424426220927,0.7913410797074322,1.2977397455075792,"[0.00087079 0.12783545 0.34781635 0.11686668 0.04838856 0.08152221
 0.05787382 0.0130398  0.18372891 0.02205743]"
231,2.1953335167441517,1.3019818230473357,1.597599758069473,"[0.00259774 0.02981316 0.18749202 0.19755652 0.00046466 0.10575243
 0.17948474 0.01755276 0.11291676 0.16636922]"
232,2.593345551237891,1.5602235036777439,1.5882710869075873,"[0.09033024 0.14166763 0.06127032 0.04217338 0.00667773 0.18920335
 0.18902461 0.01736841 0.06048536 0.20179897]"
233,1.2703936615913591,0.8687773861003445,1.3295764931720573,"[0.10680424 0.01681874 0.24600651 0.09830658 0.04312122 0.08309521
 0.07075149 0.01545607 0.22968826 0.08995169]"
234,2.4132636777247063,1.392030962232546,1.650808113352827,"[0.01012118 0.01563751 0.22092856 0.03120134 0.0148842  0.14557551
 0.20066282 0.02135328 0.07193012 0.26770547]"
235,1.905127296747245,1.1477004102777935,1.5595007281396276,"[0.00086217 0.07159513 0.07592783 0.01705499 0.04742645 0.04172866
 0.1929333  0.01695441 0.33579417 0.1997229 ]"
236,2.7159480846903614,1.5902355247628184,1.635393231355066,"[0.04949022 0.17295538 0.14853606 0.05260813 0.00200541 0.05247273
 0.29695377 0.00354782 0.00083458 0.2205959 ]"
237,0.9602585380100906,0.7285042745835305,1.1598708425702302,"[0.06586046 0.01798442 0.27098927 0.12033255 0.01605601 0.11504828
 0.03664806 0.04127299 0.29897204 0.01683592]"
238,2.583049478505157,1.5158153666692842,1.6280094934614084,"[0.035172   0.09259705 0.09071073 0.1657024  0.00238773 0.13622414
 0.15856715 0.00207068 0.07822989 0.23833824]"
239,1.21282464895183,0.8558834426689107,1.28234397699819,"[0.02957473 0.09747633 0.24555967 0.06236239 0.0845425  0.08421883
 0.09757853 0.0136957  0.24905533 0.03593597]"
240,1.726755371101492,1.0582821698058453,1.5227202591575917,"[0.01265914 0.11839159 0.19596226 0.13037644 0.01792219 0.05419005
 0.10249742 0.01325383 0.21047494 0.14427215]"
241,1.343154796285774,0.8347510281743145,1.4709381403678743,"[0.03789616 0.13390957 0.37185377 0.07172432 0.00483659 0.0926138
 0.05702029 0.00233421 0.13986508 0.08794621]"
242,2.1123773051225627,1.217540519459159,1.6402654383747397,"[0.00466049 0.00696724 0.15562011 0.10920471 0.00430762 0.03278306
 0.19214015 0.00742995 0.23700358 0.24988309]"
243,1.8190368435303461,1.144213595569871,1.489013221739359,"[0.1695204  0.02238005 0.13945437 0.02952985 0.00872207 0.05956059
 0.21677285 0.0039543  0.21185988 0.13824565]"
244,1.9767145786882794,1.1531593034917034,1.6141975369917267,"[0.02472784 0.13312412 0.18676939 0.0334057  0.01183643 0.07453493
 0.15997645 0.00367246 0.18696571 0.18498696]"
245,2.0443692028371254,1.2135590841877026,1.5896066015570078,"[0.01629984 0.19253767 0.15745844 0.01479239 0.00532101 0.05452563
 0.12713193 0.0256927  0.18406035 0.22218004]"
246,1.6195409253584603,1.0075529024909593,1.492976944839957,"[0.08173511 0.01250329 0.20724862 0.01681029 0.05523769 0.09499704
 0.13569321 0.00033656 0.23370317 0.16173501]"
247,2.2024048322100622,1.310973579840669,1.592036020459578,"[0.03645939 0.22230146 0.21080815 0.05070361 0.0014867  0.07468063
 0.16878949 0.0176581  0.04700522 0.17010725]"
248,1.7126656505140219,1.0532763294087664,1.5165801553499245,"[0.00886539 0.00394459 0.25709545 0.0684709  0.02823335 0.03981864
 0.10488678 0.04548883 0.20491607 0.23828001]"
249,3.037066761244266,1.771326313272292,1.649486640670847,"[1.81753937e-02 9.66013771e-02 3.67616133e-02 1.54799228e-01
 1.63688223e-04 1.84310612e-01 2.51920160e-01 1.43041936e-02
 8.25576469e-03 2.34707969e-01]"
250,2.1197658950998006,1.2704488658187263,1.5777716662174834,"[0.00669177 0.00523996 0.00555141 0.02347841 0.02578361 0.20682305
 0.11738119 0.01057216 0.35932193 0.2391565 ]"
251,1.3788187633354094,0.9318600940641971,1.3559235985648788,"[0.01244849 0.01499994 0.24900617 0.13236198 0.04044394 0.0009581
 0.04119177 0.04527548 0.265063   0.19825113]"
252,2.04301014298712,1.2117609411007018,1.590843875528121,"[0.01553015 0.1135488  0.18445197 0.16724458 0.00471887 0.06528964
 0.14760456 0.00040292 0.14237562 0.15883288]"
253,2.3046900284229523,1.3625134369152436,1.6068849655875133,"[0.00822202 0.05113558 0.00622808 0.10592748 0.0173566  0.10030045
 0.18856374 0.02315791 0.27594236 0.22316579]"
254,2.2714361491545545,1.3387065243298508,1.6106207288419947,"[0.00167044 0.03863599 0.23618875 0.00594912 0.00736646 0.10815339
 0.22949938 0.05460155 0.08691681 0.23101811]"
255,1.1957342776783801,0.7696879859859727,1.4037462271954888,"[0.00066386 0.00286    0.30248882 0.00417664 0.01697294 0.11931223
 0.17313073 0.01306587 0.32832029 0.03900862]"
256,2.1165284311827723,1.2647789391143909,1.5822850128665027,"[0.00541284 0.18655605 0.10092215 0.06972591 0.01197239 0.05454908
 0.14561291 0.02348366 0.20470561 0.19705939]"
257,1.6750262957743312,1.0282386022190786,1.5169033930211593,"[0.03085002 0.21841561 0.20588169 0.05276313 0.0080644  0.0777778
 0.10525389 0.00535089 0.19514742 0.10049515]"
258,1.0011977848509115,0.7465336165615408,1.186698219563706,"[0.0544401  0.14304392 0.27691976 0.05275956 0.05187152 0.06037456
 0.05441904 0.02647877 0.26078185 0.01891092]"
259,2.4587998311648467,1.4349988694407454,1.6331108057564496,"[0.03653845 0.08807781 0.17787342 0.1031281  0.00079757 0.09174916
 0.21702502 0.01662068 0.04745769 0.2207321 ]"
260,1.8256079381686734,1.1361734085860096,1.5053338284552218,"[0.10361741 0.17832146 0.16368117 0.00532707 0.0270136  0.06942966
 0.12589528 0.00344947 0.16821242 0.15505246]"
261,2.5776129448776985,1.4836236960761118,1.6596696858894746,"[0.00567106 0.15063617 0.15860644 0.06025155 0.00133081 0.08149534
 0.20667379 0.01908594 0.05395351 0.26229538]"
262,1.064525213449714,0.7549721473879133,1.2573146512769406,"[0.05026161 0.0241513  0.2972133  0.01573176 0.07588142 0.0376727
 0.08784651 0.03886413 0.2724343  0.09994297]"
263,1.0908125983831916,0.7419436992095045,1.3148233864505847,"[0.06305324 0.06755613 0.27261464 0.02674423 0.06244637 0.02300976
 0.11113199 0.00510103 0.29582228 0.07252033]"
264,1.3509459004979438,0.8908894496440956,1.386993896671135,"[0.00327884 0.03061507 0.34506469 0.09165455 0.05338438 0.12646041
 0.10667627 0.02336795 0.15968187 0.05981597]"
265,2.3064794271402587,1.3608931319955935,1.6101130238597434,"[0.00310775 0.00415132 0.20095047 0.06730638 0.00693308 0.22016932
 0.18332918 0.02000061 0.10112485 0.19292705]"
266,2.5969397698815384,1.538691682613992,1.612832594527794,"[0.0421683  0.19701901 0.04289772 0.05622977 0.01700877 0.10315272
 0.24019955 0.00597518 0.10507699 0.19027199]"
267,2.1340763842866304,1.2627095245225253,1.5987752320290198,"[0.03795417 0.15706257 0.15742795 0.0093265  0.00402871 0.12505922
 0.18698625 0.01493984 0.14815401 0.15906076]"
268,2.1671447964997776,1.2659597145819288,1.6207918005862512,"[0.01651833 0.06764137 0.20114403 0.11929033 0.01050684 0.13159204
 0.15071637 0.000406   0.11277943 0.18940528]"
269,2.1348488118392046,1.261544983018379,1.600863360238107,"[0.0203284  0.04508415 0.1739653  0.09646214 0.00635215 0.10782074
 0.18221661 0.0262717  0.15223986 0.18925895]"
270,2.2010657185514737,1.287855223862849,1.6195749403123307,"[1.64709752e-02 6.88271929e-02 1.18477977e-01 9.12761323e-02
 2.34003566e-02 9.67952900e-02 1.96568412e-01 6.65728639e-05
 1.94434583e-01 1.93682508e-01]"
271,0.9721502815415872,0.7303375676049947,1.1732418655644827,"[0.02807884 0.11163484 0.28726576 0.05652159 0.06007966 0.02272589
 0.11430413 0.03340939 0.2842957  0.0016842 ]"
272,2.224638948051807,1.3335955063386038,1.5817024478510502,"[0.02377666 0.12794018 0.14496601 0.09472909 0.04153309 0.10374961
 0.17593287 0.00041489 0.11243832 0.1745193 ]"
273,1.842526701467341,1.1435699145872662,1.5103921572279682,"[0.07524446 0.05131751 0.15818375 0.06039376 0.02207508 0.0808428
 0.11052248 0.03158056 0.2055075  0.20433209]"
274,2.0109902627321117,1.2062687151025242,1.571542532575848,"[0.08462791 0.14560376 0.19307455 0.00503569 0.01953678 0.05546429
 0.17767944 0.00300286 0.12957827 0.18639645]"
275,1.6267938572441332,1.003920092468942,1.5056040788007412,"[0.09864584 0.04132685 0.22693644 0.07241023 0.00978663 0.00236693
 0.17247456 0.00306794 0.21978513 0.15319945]"
276,1.900810104232476,1.1358225838813614,1.572008215313053,"[0.03304434 0.02240193 0.22431993 0.03166621 0.00063201 0.16683485
 0.10620838 0.02479727 0.18374989 0.2063452 ]"
277,1.4798597110117724,0.937430231068499,1.455651838989162,"[0.01323378 0.02316471 0.25419369 0.05053282 0.00059838 0.04945359
 0.0729558  0.07240631 0.26231119 0.20114973]"
278,2.8178608753755174,1.7220889486063287,1.569357498246423,"[0.08371292 0.13039958 0.01386696 0.14521772 0.01619996 0.20517668
 0.18391149 0.01876781 0.00476529 0.19798158]"
279,2.853582476500244,1.666478269615469,1.6431626233561474,"[0.03293921 0.1752054  0.0610295  0.05440548 0.01389138 0.16764231
 0.2484816  0.00278383 0.02840658 0.21521471]"
280,1.393355027062733,0.894159728243619,1.4293501658147139,"[0.0404185  0.00082342 0.30214408 0.09756149 0.03438847 0.10305555
 0.03959901 0.00987573 0.21235744 0.15977633]"
281,2.2607069256046834,1.3267805486315136,1.6170113863853859,"[0.0362701  0.1056704  0.17555959 0.0521181  0.01748174 0.13216957
 0.1530324  0.00578405 0.10171731 0.22019675]"
282,1.8378752663185274,1.1217148475921765,1.535673347627769,"[0.04414062 0.08310606 0.16927541 0.10549428 0.01105138 0.08259576
 0.09191417 0.01732753 0.20738791 0.18770688]"
283,1.8455425152066232,1.134728929439071,1.524817777254574,"[0.0423802  0.02741355 0.16740865 0.15661713 0.03251557 0.01202555
 0.17731456 0.00048219 0.21957512 0.16426748]"
284,1.8505194441182953,1.131920717351944,1.5329976263221703,"[0.02457028 0.03460165 0.26257917 0.13555156 0.02172798 0.12476357
 0.11413405 0.01811624 0.11206658 0.15188891]"
285,1.871393871443195,1.1264975215043247,1.5589081792787385,"[0.00517472 0.21714138 0.15743353 0.04719355 0.01523728 0.03494361
 0.18453482 0.00327608 0.21990211 0.11516291]"
286,2.904704355131673,1.7098659801928406,1.6313656837503736,"[7.57579963e-02 8.67088100e-02 1.80906814e-02 3.77458461e-02
 3.61295374e-05 4.67044499e-02 2.55455505e-01 3.91918206e-02
 8.86040323e-02 3.51704729e-01]"
287,2.609746967626469,1.537769774798734,1.6221279266072657,"[0.01637552 0.07544479 0.04189532 0.08828975 0.01611576 0.20764513
 0.21283283 0.00722937 0.13720492 0.19696662]"
288,2.251720453627864,1.323091135881673,1.6147283618307402,"[0.00878057 0.18560709 0.10905137 0.00060951 0.00301988 0.13692747
 0.18791485 0.02016885 0.17503584 0.17288456]"
289,1.73164445805371,1.070542408184109,1.509848441746977,"[0.0950996  0.12894132 0.18833895 0.03373251 0.00977313 0.06256174
 0.10456562 0.01499146 0.19220389 0.16979179]"
290,2.075825300836449,1.2014904011160896,1.631754717126652,"[0.00513193 0.01888204 0.23704147 0.02122413 0.01210915 0.13092335
 0.17093145 0.02139683 0.15425359 0.22810607]"
291,1.999342541039284,1.1739378358125028,1.604901735280063,"[0.07035709 0.04616232 0.24437308 0.09386366 0.00419351 0.06477817
 0.16081147 0.00087918 0.11170581 0.20287571]"
292,2.1375942535124848,1.2621743857154444,1.6022402333361363,"[0.08557111 0.00540877 0.16278752 0.04747233 0.01545133 0.10207027
 0.1786577  0.00743037 0.1598151  0.2353355 ]"
293,2.330467880931139,1.3681349882295808,1.6191240109755476,"[0.05874282 0.00747386 0.18798915 0.13137378 0.00597736 0.13739171
 0.1896413  0.00370644 0.07069272 0.20701087]"
294,1.9055041555838592,1.1185932873034985,1.6004176894950901,"[0.03056204 0.02900582 0.2152421  0.11739319 0.00293883 0.11312822
 0.1057096  0.0002644  0.1854081  0.2003477 ]"
295,2.665258839667781,1.566041519717851,1.6282909082093335,"[4.45966463e-02 1.95555508e-02 1.10709922e-01 1.98679911e-01
 1.08653619e-04 4.58410872e-02 2.19793530e-01 1.37643070e-02
 6.21517619e-02 2.84798631e-01]"
296,1.6522407330227522,1.014741008692384,1.5146259475316017,"[0.04852144 0.01049614 0.2365643  0.02541233 0.0264995  0.06866621
 0.15860136 0.03425289 0.22246472 0.16852112]"
297,2.344057074938754,1.3900930086929397,1.6033239429076176,"[0.03570794 0.009996   0.25339102 0.00236401 0.01480839 0.1390826
 0.19192407 0.05097812 0.03066967 0.27107818]"
298,1.8274272558210467,1.1181878964675953,1.531173419062122,"[0.05156113 0.00336856 0.22554592 0.00184675 0.0507301  0.087748
 0.17138176 0.02336881 0.18377389 0.20067507]"
299,1.4156603364220546,0.934212425817984,1.3919453747905235,"[0.01316336 0.03150991 0.22337946 0.10645135 0.04207889 0.1554282
 0.08695693 0.01611046 0.25940574 0.0655157 ]"
300,1.7607758779190692,1.070758290467866,1.5367503771249804,"[0.05675303 0.15045707 0.21742864 0.09327074 0.00110813 0.05480876
 0.14918647 0.0047072  0.16409935 0.1081806 ]"
301,0.842594401648257,0.7239953727191109,1.0045737277074478,"[0.04008856 0.00078765 0.35140335 0.04116413 0.10576395 0.02184833
 0.00932479 0.06398823 0.24648992 0.11914109]"
302,2.7424483285450263,1.6509243324601146,1.5913271163659588,"[0.0572986  0.12265368 0.04402417 0.15837414 0.00338195 0.11186291
 0.21755794 0.03446468 0.03340248 0.21697946]"
303,2.332132180465947,1.3883250078721676,1.5967763287868326,"[0.13295687 0.0019843  0.13938018 0.07200091 0.00056342 0.13757168
 0.21544818 0.00286047 0.09164028 0.2055937 ]"
304,2.7886087630699268,1.6475443489139439,1.6226094876288428,"[0.00688533 0.00701012 0.0523036  0.11465663 0.04253067 0.20197609
 0.26725861 0.00238738 0.08881804 0.21617352]"
305,2.1987320904900813,1.2862323293366833,1.6198041144958997,"[0.0284294  0.01700023 0.20864733 0.06432416 0.00259697 0.19452233
 0.17473044 0.0063845  0.11748491 0.18587971]"
306,1.6467751803504989,1.0049303255610438,1.5239738220285133,"[0.00807247 0.10278605 0.19427157 0.04746363 0.01754919 0.12742147
 0.10541374 0.01830406 0.25454446 0.12417335]"
307,2.2211424357242677,1.3162482061093752,1.5998918400929638,"[0.02789733 0.01328805 0.19366902 0.1312094  0.02014595 0.08918412
 0.17379142 0.01880858 0.10487678 0.22712935]"
308,2.342063989960216,1.3820177662077842,1.6112501395966476,"[0.01196059 0.16011084 0.07597341 0.07279382 0.01550924 0.13580775
 0.17367527 0.00779778 0.16410858 0.18226272]"
309,0.7200908586735404,0.6364502087367295,0.9502757311386839,"[0.01782472 0.00575179 0.33698063 0.02267588 0.01451276 0.06261592
 0.08851211 0.12920527 0.32082171 0.00109922]"
310,2.1202040835731637,1.2518612785034016,1.6015483878031291,"[0.01460687 0.06963235 0.21591486 0.05454941 0.01597677 0.11939432
 0.17122368 0.02607454 0.11556514 0.19706207]"
311,2.586979239250234,1.5359341185285489,1.6092432209171057,"[0.00204353 0.18039501 0.0713991  0.05026944 0.00514453 0.2259608
 0.23632994 0.00232682 0.09959413 0.1265367 ]"
312,0.9571998521446833,0.661054182344887,1.2735902795825014,"[0.09579808 0.0356099  0.29431937 0.11718829 0.00627524 0.00106218
 0.08301699 0.00826579 0.30827926 0.05018489]"
313,2.2040297487186016,1.315100328914216,1.5882758383995306,"[1.06492686e-02 5.54717116e-02 1.58110642e-01 1.80766795e-01
 2.13652006e-02 1.31515028e-01 1.47488128e-01 8.79685131e-06
 1.21442172e-01 1.73182258e-01]"
314,1.398529182852044,0.9050291376494882,1.4179007705232118,"[0.1090858  0.14179713 0.25222324 0.03338992 0.00964268 0.04404181
 0.13069686 0.00977399 0.20035154 0.06899702]"
315,1.4548931093925632,0.9277532074652105,1.4439243404177828,"[0.0051613  0.01449921 0.27953621 0.15486801 0.05357453 0.00171459
 0.12167314 0.00883592 0.22278247 0.13735463]"
316,1.2604103285811428,0.8285462567299138,1.3820865739805623,"[0.13264653 0.10734477 0.36191928 0.03576818 0.0055874  0.08478727
 0.0790272  0.00786777 0.11818968 0.06686192]"
317,0.9609829792965529,0.7167794270424891,1.1798543263903487,"[0.0299925  0.06331943 0.29720627 0.13377312 0.00309836 0.00212824
 0.01609538 0.06531472 0.29978108 0.08929091]"
318,1.4118385538114362,0.912377245756017,1.4210688491077035,"[0.04773066 0.01684978 0.24017552 0.01978353 0.00909119 0.10256493
 0.17739616 0.04328038 0.27421887 0.06890897]"
319,2.460540175872156,1.4203228903056306,1.6512108061108686,"[0.01521917 0.00934324 0.20515677 0.14443662 0.00568189 0.11606032
 0.22251301 0.00520344 0.05185651 0.22452902]"
320,1.1212349699805666,0.7541133150120424,1.3339471386095683,"[0.08271179 0.09343119 0.31349536 0.02340483 0.003165   0.05856558
 0.12456385 0.02998268 0.24018405 0.03049567]"
321,1.8540051199521022,1.0942671329840672,1.5889332652966939,"[0.04135209 0.09813151 0.23605989 0.01837277 0.01560523 0.02833233
 0.18537758 0.00583058 0.18306273 0.18787528]"
322,2.154397321533545,1.2615477741485448,1.6163554738756702,"[0.0335839  0.15822141 0.15249168 0.0263193  0.00425912 0.12499971
 0.16493164 0.00555194 0.15264962 0.17699169]"
323,2.167169105997944,1.2856142825797396,1.5960319223023258,"[0.02175568 0.13716477 0.12651796 0.08058773 0.01339494 0.13280978
 0.15397919 0.00638169 0.16100059 0.16640765]"
324,2.2652749792040763,1.3310824175694553,1.615217269488885,"[0.0022109  0.03026357 0.26265978 0.0939294  0.03283261 0.15585558
 0.15448807 0.00785652 0.03515185 0.22475172]"
325,1.592390494444952,0.9428806178348822,1.5665852020629258,"[0.03247584 0.00268375 0.27856002 0.03220357 0.02182536 0.0584378
 0.16571463 0.00750777 0.23565098 0.16494027]"
326,2.701848157919785,1.5875047297724934,1.6293245860486918,"[0.00085218 0.11694856 0.1318893  0.06640261 0.02656086 0.08435785
 0.18512596 0.03447721 0.03455061 0.31883485]"
327,2.665548001359081,1.5784359954430245,1.6156881479444563,"[0.04177345 0.07197774 0.03073267 0.06057197 0.00031029 0.11031718
 0.26477285 0.04354394 0.13581724 0.24018267]"
328,2.832943005979188,1.6345002047690707,1.6626827741084764,"[0.07502652 0.09365721 0.07757899 0.02153891 0.001973   0.13727966
 0.21554564 0.00835446 0.05188663 0.31715898]"
329,2.614504224471688,1.5455325573080365,1.6170584963877266,"[0.011715   0.18432042 0.03326241 0.12695217 0.0032964  0.11739316
 0.1851681  0.01864509 0.11122099 0.20802626]"
330,2.1326490121146855,1.2573071039520227,1.6045096178497285,"[0.0037225  0.02031853 0.28005034 0.16182387 0.02505234 0.09924451
 0.15046563 0.00588197 0.04790674 0.20553359]"
331,2.2214867217577448,1.3069041836455688,1.6115940838521847,"[0.02808296 0.12448358 0.16735231 0.02383667 0.00158772 0.13745922
 0.16649089 0.0252543  0.12519499 0.20025735]"
332,2.4327150739973944,1.4133377063956176,1.639684126644131,"[0.00234459 0.08726953 0.14274317 0.08863078 0.01801017 0.15900257
 0.20022753 0.00095151 0.10342225 0.19739789]"
333,2.018344564446578,1.183329958159271,1.6082216799226494,"[0.06126249 0.00636511 0.19601087 0.06977514 0.00224957 0.14770674
 0.14468284 0.00228548 0.16990151 0.19976026]"
334,2.6851577182247324,1.563542204102155,1.6436205177253735,"[0.00126485 0.06889401 0.05093841 0.0012831  0.01039611 0.23625134
 0.26093354 0.00724368 0.15565001 0.20714494]"
335,2.208684951894572,1.3038823967672581,1.6055108082231166,"[0.01583821 0.13695474 0.10779444 0.11815441 0.00434293 0.12642913
 0.14127448 0.00370063 0.17029209 0.17521894]"
336,2.7221966556063513,1.5683257948718032,1.6622241328285787,"[0.0055703  0.14733058 0.01505523 0.07388807 0.01750763 0.05489695
 0.2253282  0.00136497 0.16407766 0.29498041]"
337,2.2713490822016325,1.336500943390272,1.6132135346642729,"[0.03120429 0.12395877 0.14494832 0.0925696  0.01357103 0.03022397
 0.20139383 0.00569713 0.13547547 0.22095762]"
338,2.423800531820433,1.3962564550874208,1.6533587738672393,"[0.00569746 0.21984121 0.18889948 0.05255947 0.00042343 0.04544554
 0.20985503 0.00276003 0.05675256 0.21776579]"
339,2.611884942545213,1.5299167130788331,1.6318517537390234,"[0.04151689 0.05250371 0.17474709 0.09552871 0.02006219 0.06738036
 0.1510796  0.01019927 0.03009405 0.35688812]"
340,2.7273854167395735,1.5940406641155334,1.6386644358009779,"[0.0062772  0.21767384 0.04877766 0.1184813  0.00094988 0.13029644
 0.15328801 0.00469053 0.07296938 0.24659576]"
341,2.0507160620110363,1.1993992848443193,1.613664786392945,"[0.00030441 0.07168481 0.14183897 0.09251048 0.01880302 0.05328415
 0.18057639 0.0085114  0.22961804 0.20286834]"
342,2.317398577032224,1.3625308358158168,1.6161916104312097,"[0.00450671 0.16772193 0.18945618 0.13826664 0.0018552  0.13386494
 0.15679194 0.00063975 0.04922695 0.15766976]"
343,2.269691114293531,1.3340061963273988,1.6149875832600025,"[0.02421702 0.05331591 0.16907701 0.16357507 0.00442382 0.12062827
 0.17671318 0.0038202  0.10386298 0.18036655]"
344,2.363722707758205,1.3878668439550819,1.620065387625975,"[0.01902664 0.01269964 0.07433687 0.12857298 0.00890489 0.13751792
 0.18110348 0.01722099 0.19416267 0.22645391]"
345,1.6663663890933065,1.0101397678721167,1.5355090129040398,"[0.00922465 0.05659734 0.23673183 0.16697338 0.00957699 0.08600747
 0.08410919 0.00242202 0.20725168 0.14110546]"
346,1.711821061583523,1.045117711387474,1.527611074767,"[0.02485448 0.01000415 0.13669635 0.01580299 0.00858706 0.13951771
 0.03124399 0.0014994  0.36253999 0.26925388]"
347,2.7290956373418704,1.6020377922797921,1.63155200127295,"[0.00231414 0.23800195 0.11342956 0.03154214 0.02566122 0.14543706
 0.24509022 0.00360564 0.0084276  0.18649046]"
348,2.5329282631911516,1.4765536397735897,1.637353718032884,"[0.00234121 0.18668392 0.02389319 0.0677737  0.0133083  0.10781783
 0.20868536 0.00629347 0.17513255 0.20807046]"
349,2.0440995812865212,1.190361561501475,1.6203580260275854,"[0.00877941 0.07899893 0.20284473 0.00488283 0.00980033 0.15715976
 0.19519821 0.00520642 0.17849398 0.1586354 ]"
350,1.1364471529650104,0.7227703898528756,1.4128407805139847,"[0.05777924 0.06057831 0.20584384 0.04182274 0.00279159 0.0215407
 0.13898305 0.0060797  0.399028   0.06555282]"
351,1.422902035531396,0.9194756765845541,1.4221304571706876,"[0.17485658 0.00583664 0.1816824  0.00849164 0.00374905 0.09361036
 0.1247625  0.01599655 0.27206696 0.11894733]"
352,1.7867233732799783,1.0817357077517895,1.5451423948284992,"[0.08790099 0.07314621 0.19863847 0.00119393 0.00711849 0.12153007
 0.12836751 0.01552754 0.19702053 0.16955626]"
353,1.438524425763164,0.9102609955754293,1.4536893934401658,"[0.01416592 0.04874547 0.29727222 0.07623123 0.04680287 0.05923333
 0.09852508 0.02592729 0.19897735 0.13411923]"
354,2.9386842553988,1.7198276409831212,1.6416741520400024,"[0.00103107 0.06661081 0.0390316  0.13670315 0.00835967 0.1717328
 0.25927394 0.02692804 0.051425   0.23890392]"
355,1.3654929417436636,0.8842760202278339,1.413817905170233,"[0.03681403 0.0395447  0.34569143 0.13048988 0.04828225 0.00109396
 0.08503317 0.00998422 0.15955093 0.14351544]"
356,1.720035562355442,1.0438541914965842,1.5373295467845198,"[0.03024225 0.09410845 0.1891142  0.05617256 0.00622679 0.14393762
 0.13435672 0.01070833 0.23259877 0.10253433]"
357,2.1839653123076688,1.2750394494571362,1.6224420679340996,"[0.03669802 0.08646848 0.13000973 0.11670551 0.00336348 0.06492368
 0.15715538 0.00138754 0.17972808 0.2235601 ]"
358,2.3171031463135763,1.3547049039765569,1.625310035135742,"[0.00331984 0.06204993 0.09991973 0.11090172 0.00397921 0.18643117
 0.18044956 0.00160883 0.18055025 0.17078975]"
359,2.616004875253261,1.542563103716541,1.6211441839853005,"[0.00070059 0.15246335 0.13935384 0.20748043 0.00658928 0.06830488
 0.20211199 0.00649891 0.01165988 0.20483685]"
360,1.9137905215147673,1.1522949623097507,1.5608007577129643,"[0.00118903 0.09071986 0.26540945 0.05513539 0.0125088  0.02979621
 0.17012768 0.0495314  0.1270857  0.19849647]"
361,1.8545949713369467,1.1106219803119664,1.5660659800875814,"[0.03334054 0.08526319 0.23358393 0.06782025 0.00084662 0.05680848
 0.19438026 0.02272014 0.1660016  0.13923498]"
362,2.9348207636489034,1.711390262402207,1.6475103045510882,"[0.04421839 0.03957056 0.06118174 0.1677762  0.00994002 0.06538697
 0.17483993 0.00324676 0.04890077 0.38493864]"
363,2.943766115252755,1.7586212043528382,1.6083500170582448,"[0.10219083 0.02833844 0.04799948 0.09729441 0.00891929 0.17353038
 0.32123308 0.01029231 0.00264824 0.20755355]"
364,2.1552330502572143,1.247893110092389,1.6347116291661459,"[0.00630259 0.04315603 0.21443599 0.08579053 0.01615929 0.07062776
 0.2214652  0.00190321 0.14166321 0.1984962 ]"
365,1.5414524009219333,0.9194734276486825,1.5510668245586032,"[0.03444807 0.01092914 0.12886755 0.07039481 0.00902616 0.04712872
 0.1155587  0.00968799 0.39202224 0.18193662]"
366,1.4216492849194822,0.8995487984050767,1.4522409634728193,"[0.09258178 0.13574973 0.21942825 0.01971901 0.01674395 0.06889235
 0.07582828 0.00251313 0.24681637 0.12172713]"
367,2.7596404781214643,1.6322371116841794,1.6200788402366886,"[0.00082891 0.21034524 0.01550062 0.07339443 0.00037586 0.17547586
 0.1563639  0.02856122 0.09458186 0.24457209]"
368,2.203804164757038,1.286220954276398,1.623761832351051,"[0.01172112 0.15112736 0.16849026 0.0192625  0.02364672 0.0885415
 0.17309243 0.00815318 0.13959573 0.21636921]"
369,2.637890281796924,1.5554013656482022,1.6218338663427694,"[0.00238208 0.0865006  0.12048153 0.05792227 0.04340742 0.15132189
 0.27180483 0.00488381 0.06117448 0.20012108]"
370,1.3689350789771408,0.8936435645925631,1.4028494775943883,"[0.07228214 0.04201333 0.23784192 0.11975892 0.02424182 0.09811011
 0.05792052 0.00684948 0.23954758 0.10143418]"
371,2.946173287116836,1.7604321790208584,1.6080628663914112,"[0.00194735 0.006818   0.07950207 0.09970653 0.05131998 0.21339734
 0.22479567 0.03490875 0.00104493 0.28655939]"
372,3.063011567945484,1.824978784906332,1.6152099526263264,"[0.05077508 0.06171198 0.01582101 0.01559937 0.03605511 0.17780384
 0.33949346 0.02395945 0.0311636  0.24761708]"
373,2.295050817643488,1.3452388547097045,1.6203539905045283,"[0.01597347 0.112828   0.19051713 0.04130047 0.02550438 0.15116596
 0.17936741 0.0044514  0.08278102 0.19611075]"
374,2.8918152605025553,1.6862754466692147,1.6465445160539844,"[0.00307085 0.22965937 0.00695809 0.13104132 0.009308   0.09088604
 0.18341359 0.00258677 0.06930886 0.27376711]"
375,2.605996399111058,1.5287405343329183,1.6292553719490586,"[0.01053707 0.23281154 0.05065062 0.00133584 0.02284739 0.13318999
 0.2180604  0.00762556 0.11540624 0.20753536]"
376,1.6868988257890831,1.0369154903574713,1.5156598287623242,"[0.0706635  0.09177153 0.20457127 0.05910663 0.01358367 0.08641405
 0.0934942  0.01270227 0.20488175 0.16281112]"
377,2.7295527187367377,1.5846237291842011,1.6497702257997497,"[0.01302268 0.09277374 0.03670634 0.02064951 0.01331802 0.15101735
 0.21026846 0.02786443 0.13982956 0.29454993]"
378,2.6628586551732725,1.549486566610137,1.6441387998050225,"[0.00527929 0.04864419 0.12933247 0.18337536 0.00751763 0.10052896
 0.19536586 0.01325389 0.04977574 0.26692661]"
379,2.8502629929036924,1.6571977466235763,1.6503614775262248,"[0.00947642 0.11114475 0.04345752 0.13566552 0.02005247 0.1341376
 0.21918043 0.00361171 0.0647879  0.25848568]"
380,2.241097050710378,1.3023151596064182,1.6323309790235085,"[0.01338287 0.14372548 0.16427293 0.07005713 0.00376306 0.10399997
 0.16357603 0.0089318  0.12671815 0.20157258]"
381,2.585176610327091,1.5063777603493096,1.6396212185988983,"[0.00157959 0.00543942 0.19988306 0.00572978 0.01680561 0.16102482
 0.27557077 0.0324731  0.05247389 0.24901997]"
382,2.2583972765834286,1.3055211729055156,1.6415739934580555,"[0.01670477 0.04959541 0.18130486 0.0962023  0.00122743 0.1400982
 0.13369639 0.00466084 0.13190284 0.24460697]"
383,2.630263248502084,1.525959894806033,1.6481269172469895,"[0.00863702 0.05948728 0.17485737 0.00719417 0.01402835 0.09657655
 0.31507507 0.01398156 0.06731733 0.2428453 ]"
384,2.1866919953934496,1.2825644027739866,1.61504897506936,"[0.00519408 0.17807275 0.18134957 0.0103604  0.02981647 0.11082609
 0.1789374  0.00243946 0.12040989 0.1825939 ]"
385,2.4993917806217025,1.4549505846964934,1.6386151766701798,"[0.03350947 0.11000792 0.18187965 0.06538008 0.02599493 0.1108289
 0.18027643 0.0012631  0.0314808  0.25937873]"
386,2.733330928168293,1.5978345683638784,1.6384945655645644,"[0.0273199  0.11146099 0.0029281  0.04083448 0.00031356 0.23276783
 0.212298   0.00748915 0.14770596 0.21688204]"
387,1.684658469140123,1.0286304339549006,1.5256896413936494,"[0.01723173 0.04635978 0.21317252 0.08938803 0.01834706 0.16178885
 0.08832009 0.00172995 0.23044095 0.13322103]"
388,2.8135509144133586,1.6286075677740484,1.6567915417883141,"[0.01788726 0.14079523 0.11849926 0.0274201  0.0275232  0.11992303
 0.27185968 0.00292385 0.02018257 0.25298584]"
389,2.3040278222133033,1.3408673608122925,1.6323315899452544,"[0.01845528 0.07188673 0.08192596 0.10431938 0.00088166 0.09893074
 0.20336232 0.01175575 0.20539535 0.20308683]"
390,1.8517031479565533,1.082263368515497,1.604429686191317,"[0.01970537 0.03990612 0.21684138 0.01295875 0.02807499 0.00962555
 0.1533809  0.00166637 0.2497136  0.26812695]"
391,2.5018330933100903,1.4607680034880028,1.6337607452919638,"[0.01171651 0.11730661 0.13847445 0.17331167 0.00276191 0.10719167
 0.15383524 0.00112798 0.0633689  0.23090507]"
392,2.691990270058071,1.5621157374323282,1.6494953204047205,"[0.01977831 0.09172959 0.17281281 0.0280502  0.01526408 0.15521314
 0.23328699 0.02169541 0.00489431 0.25727515]"
393,2.856094778938482,1.6700407494143135,1.6411618151633793,"[0.00282676 0.1378156  0.09503254 0.19322871 0.0045311  0.02723449
 0.23671286 0.01123638 0.01501178 0.27636977]"
394,2.262602897257619,1.31619324096798,1.6314589371736348,"[0.00153563 0.11847589 0.22017312 0.07103675 0.01927971 0.07784954
 0.18161205 0.01259326 0.07601094 0.22143312]"
395,1.3777325215952467,0.8870873428231264,1.4231347798793754,"[0.03394887 0.14393251 0.18800493 0.05363049 0.01749294 0.12511707
 0.0860467  0.00515995 0.29747533 0.04919121]"
396,1.367044612133502,0.8817757326399912,1.419586516803915,"[0.00587402 0.1476894  0.37825444 0.04583613 0.06288767 0.05033101
 0.13845709 0.00166891 0.11540765 0.05359369]"
397,2.468969428593798,1.4214101252054057,1.6558780014464825,"[0.00522651 0.06583206 0.00695614 0.07521434 0.0140291  0.08712618
 0.21680919 0.0057388  0.2620252  0.26104248]"
398,1.7887354562428972,1.079338725157177,1.5504380098715786,"[0.05040365 0.09521411 0.24712837 0.02970556 0.00423118 0.1007283
 0.2022508  0.00756557 0.16346815 0.09930432]"
399,2.2200600343376045,1.285804910718138,1.6369297904836795,"[0.02802876 0.05726141 0.17643259 0.09866976 0.00286162 0.08423552
 0.1986898  0.00587439 0.14050342 0.20744275]"
400,1.9024035022287449,1.1157859289016514,1.6016655029473756,"[0.01456526 0.14711989 0.15794273 0.05223456 0.00678473 0.07847017
 0.17144133 0.00061999 0.23193567 0.13888567]"
401,2.444342950524971,1.4166395039400215,1.644070543574721,"[0.00815934 0.04262306 0.21347916 0.05183498 0.02540141 0.17237415
 0.21153364 0.00360341 0.0487722  0.22221864]"
402,2.335364079065453,1.3766578287686368,1.6126566539910228,"[0.00593939 0.21549749 0.03032703 0.0336702  0.01243207 0.06843812
 0.23116811 0.00626791 0.22609494 0.17016474]"
403,1.7202599225154929,1.0505203809702055,1.527787828162218,"[0.00747524 0.05375775 0.20002473 0.17667297 0.00946103 0.01864155
 0.13384176 0.01649204 0.23288866 0.15074427]"
404,1.9169552513753416,1.1401696558045968,1.5801749949844623,"[0.03338426 0.00590754 0.1982601  0.00910281 0.01261311 0.11602135
 0.19288018 0.03016571 0.21578327 0.18588167]"
405,2.1173299390346716,1.237697224348615,1.6175541387801409,"[0.03577232 0.06824832 0.21239291 0.03566725 0.01192846 0.05186412
 0.22129054 0.01017893 0.14259332 0.21006382]"
406,2.318488127129874,1.3674713398254694,1.61114927365,"[0.02849175 0.13914845 0.24084203 0.08058894 0.01361055 0.11058793
 0.18628448 0.01363796 0.00097448 0.18583342]"
407,1.22341016921294,0.8275018759730713,1.3391178076508963,"[1.99685400e-01 1.72542021e-02 2.44329962e-01 6.04408775e-02
 3.29290888e-03 8.14762620e-02 9.93184794e-02 2.08619783e-05
 2.29035722e-01 6.51453239e-02]"
408,1.6527585564135436,1.0084629996717354,1.5245684627806164,"[0.00527452 0.06632539 0.22484047 0.1089983  0.03953645 0.07381926
 0.11042954 0.00546767 0.22062912 0.14467928]"
409,3.0959544760624116,1.825189709355503,1.6330723264279443,"[0.01630668 0.14655054 0.00738965 0.11306004 0.0191066  0.22673446
 0.27083127 0.00241282 0.00050486 0.1971031 ]"
410,2.371310464781028,1.3905970695409404,1.6223411101340106,"[0.03064808 0.04114609 0.05575712 0.18380157 0.0026211  0.09502958
 0.1748803  0.00050568 0.19526479 0.2203457 ]"
411,2.979958406996281,1.7166884240089018,1.6687190847793296,"[0.03058192 0.0685824  0.05128051 0.07349615 0.0030964  0.16894743
 0.27912302 0.01012016 0.04932552 0.26544649]"
412,3.1615574947705034,1.8921902901848882,1.6099172685427807,"[0.09425273 0.00167577 0.00976265 0.02709841 0.00268137 0.13335067
 0.25486098 0.08084422 0.00334316 0.39213003]"
413,1.7372394057649898,1.0649583133217024,1.5230189897979172,"[0.0692716  0.01391045 0.22278186 0.10114362 0.0297368  0.01778036
 0.11843821 0.005747   0.20149867 0.21969142]"
414,0.8467783120931813,0.6442786136618448,1.1353638400361894,"[0.07435444 0.05246842 0.3096032  0.0094061  0.07952672 0.01553222
 0.08875852 0.01661779 0.30484644 0.04888617]"
415,2.3323967566266086,1.3574810352851154,1.6332523458996733,"[5.00835509e-04 7.30266467e-02 2.07361562e-01 1.35178538e-01
 1.93742781e-04 1.49136998e-01 1.75339601e-01 1.01891294e-02
 6.31958355e-02 1.85877111e-01]"
416,3.2085081581896917,1.8421294771061556,1.679154763766132,"[0.01807939 0.04310787 0.01996552 0.10515485 0.01502607 0.16476894
 0.3012469  0.00415995 0.02627275 0.30221775]"
417,0.7411614068866549,0.6411147138441426,0.9762273773144604,"[0.01002425 0.05608768 0.3411087  0.00081471 0.04590038 0.17626442
 0.00662423 0.02446649 0.33594439 0.00276475]"
418,1.0344162832914179,0.7034622794754989,1.3065783893115677,"[0.04073589 0.10348458 0.23094365 0.05386645 0.02477358 0.06358007
 0.11287188 0.00495881 0.36063929 0.0041458 ]"
419,2.3890144066655914,1.3694611199932334,1.660307621908937,"[0.05064872 0.00190987 0.12073846 0.07331458 0.00101728 0.11438557
 0.1995249  0.00097703 0.17004683 0.26743676]"
420,2.3073146817398857,1.3513258010042142,1.6221306578162293,"[0.0315835  0.02692943 0.13909057 0.08371256 0.01272691 0.17101689
 0.20107317 0.00196136 0.14433016 0.18757543]"
421,1.5539658378548862,0.9135313834480275,1.5748535766684566,"[0.00170524 0.02183391 0.2712436  0.06831722 0.00376179 0.05673593
 0.08352827 0.01705766 0.26707863 0.20873776]"
422,2.2677077012364553,1.3251897038070828,1.6242354010297393,"[0.05018896 0.07720138 0.17342595 0.02358692 0.00574255 0.06885624
 0.2156616  0.01960614 0.12796638 0.23776387]"
423,1.6329475847898656,0.9958861258179151,1.523929166410009,"[0.03854097 0.08979611 0.25275872 0.06320926 0.00805613 0.07632409
 0.18440702 0.00649629 0.19912283 0.08128859]"
424,1.6914857371833452,1.0419869013434235,1.512685105655639,"[0.04871062 0.18481112 0.22716619 0.00243141 0.00619721 0.04660761
 0.10982942 0.03182265 0.18216599 0.16025778]"
425,1.4408121825524578,0.8901768990082941,1.4890574140895905,"[0.02315713 0.09110885 0.23828283 0.02146127 0.01026251 0.0437274
 0.14230638 0.03600498 0.27828258 0.11540607]"
426,2.6355944871604096,1.5491674161829632,1.6268782764211418,"[0.01168297 0.13081285 0.12026066 0.02049809 0.00720858 0.1938513
 0.23878824 0.02464453 0.05632009 0.1959327 ]"
427,1.2087534233376296,0.8109526391144853,1.348371901593114,"[0.00348841 0.22252167 0.23548335 0.03669639 0.036324   0.02215254
 0.10784552 0.01420486 0.2916004  0.02968288]"
428,1.371716868803261,0.8775456355262625,1.431753685170921,"[0.03875733 0.10707744 0.23247252 0.07436933 0.02980859 0.07026903
 0.04744946 0.00571987 0.26624208 0.12783435]"
429,3.0737902634021386,1.8137004581300475,1.6311969150735741,"[0.06645928 0.15222731 0.01487911 0.04854125 0.00522337 0.03417097
 0.35293476 0.01062735 0.03674983 0.27818677]"
430,2.636028863493041,1.5180739409816633,1.660486438908322,"[0.00136295 0.18219748 0.10459668 0.03570479 0.00395157 0.14463395
 0.2169363  0.00871609 0.0809536  0.2209466 ]"
431,2.182230353413226,1.2747853462162453,1.6214044884617995,"[0.02721695 0.04745245 0.1373429  0.11154901 0.00294015 0.05431877
 0.15427975 0.01387213 0.19406508 0.25696281]"
432,1.6335234930028437,1.0046123341101971,1.5112653609958864,"[0.04224881 0.18806316 0.26490488 0.03495615 0.00172123 0.01935172
 0.05920372 0.01344143 0.17807559 0.19803331]"
433,3.0735165985175668,1.7955485961630637,1.6475348724095669,"[0.09464408 0.0147803  0.04374884 0.00828285 0.02417976 0.14364683
 0.31867435 0.00781062 0.02436609 0.31986629]"
434,2.296040039920332,1.340811307645937,1.626442405617986,"[0.02997007 0.04000621 0.28351539 0.047971   0.001229   0.07980827
 0.18958165 0.04058695 0.01945346 0.267878  ]"
435,1.3791548944770977,0.8862523760518647,1.4260804906098867,"[0.03743475 0.13009784 0.24568398 0.11614137 0.01248889 0.03868136
 0.09725726 0.01687047 0.23367103 0.07167304]"
436,1.942160378804922,1.1484655822634078,1.5907074062869395,"[0.01437525 0.02628421 0.18837679 0.03327963 0.02132638 0.0927114
 0.22582585 0.00912675 0.22776169 0.16093206]"
437,2.199899618391589,1.2726821514694906,1.63796745695831,"[0.01069083 0.10624744 0.2864329  0.02323688 0.01632703 0.01765211
 0.18497967 0.01407131 0.06238178 0.27798006]"
438,2.271959978317911,1.3179855167828516,1.6363399139236239,"[0.02796565 0.0529712  0.02637887 0.04559543 0.01001117 0.05899029
 0.16069546 0.0096911  0.30458649 0.30311433]"
439,0.8513511838311725,0.6532847518194939,1.1267116070721854,"[0.10696429 0.08222174 0.29853087 0.06048104 0.05014432 0.0054301
 0.04458437 0.01209153 0.2874797  0.05207205]"
440,1.212779750723665,0.7907504381430066,1.3879120725726461,"[0.01982681 0.00848255 0.43690976 0.0573905  0.02271005 0.03726769
 0.04734094 0.05262519 0.14621341 0.1712331 ]"
441,1.6909445634467575,1.0311859642635033,1.5280045955040233,"[0.0749082  0.093981   0.22313168 0.06975189 0.00206844 0.0439481
 0.11347555 0.01770505 0.19214056 0.16888953]"
442,1.2434054552022515,0.8089968322466619,1.3944650201367086,"[0.02131935 0.03408823 0.23503623 0.12356263 0.02293744 0.10319154
 0.11378733 0.00515383 0.31172427 0.02919915]"
443,2.013255286914241,1.1508319268619878,1.6492135570626862,"[0.00166474 0.02038741 0.2120272  0.01993277 0.00240989 0.12163951
 0.20444748 0.0083744  0.21534209 0.19377452]"
444,1.741069508225616,1.0543508437205045,1.5419742362568964,"[0.0454217  0.06491506 0.22285314 0.09421941 0.01058387 0.01927665
 0.14284379 0.01874199 0.20249511 0.17864929]"
445,0.977874817921446,0.6727830068953888,1.282117915951901,"[0.01903628 0.07830922 0.28583469 0.03022919 0.0126518  0.01415979
 0.06893916 0.06393301 0.3398398  0.08706706]"
446,0.8556845015712943,0.6383511155455774,1.1598582853663928,"[0.07200135 0.08854745 0.27962555 0.15070695 0.01480878 0.01248676
 0.04698642 0.00233523 0.32530611 0.00719541]"
447,1.4016726787597231,0.8771370453564684,1.4665724294019067,"[0.03639958 0.10718628 0.24854832 0.08209939 0.00533677 0.04222804
 0.09928163 0.02538522 0.24959204 0.10394272]"
448,2.753945019584248,1.6148259945324335,1.634019614054692,"[0.00601321 0.27393244 0.10802627 0.00718138 0.00143382 0.20439958
 0.19897497 0.00794671 0.00328759 0.18880403]"
449,1.4599784677188916,0.867942801470462,1.5492850383779324,"[0.01819052 0.10403896 0.24476671 0.02632671 0.00626342 0.08059206
 0.11468856 0.00882856 0.27975123 0.11655327]"
450,1.7480287188834993,1.0673688806505703,1.5296876995846582,"[0.05909334 0.12855699 0.21099968 0.04520038 0.01243502 0.1294716
 0.12834281 0.00237395 0.17613915 0.10738708]"
451,2.725557069647843,1.561879110655553,1.6712365128690287,"[0.01429651 0.01345312 0.16611211 0.08047799 0.01771008 0.17009636
 0.23256614 0.00171487 0.02976305 0.27380976]"
452,1.253104133214868,0.8012411692794268,1.4200673974419635,"[0.02249999 0.19518347 0.36712636 0.04192604 0.01245629 0.04996083
 0.04061041 0.01165681 0.16384347 0.09473634]"
453,2.8494968575742643,1.6556305788668684,1.6514609123810156,"[0.04087736 0.05275411 0.04460273 0.03986132 0.00399011 0.2176397
 0.28422731 0.00124624 0.09395601 0.22084511]"
454,1.8073799428931547,1.0749148839279772,1.5741639612217462,"[0.05660526 0.01745588 0.19529119 0.0185179  0.0187656  0.14586031
 0.11912172 0.00067889 0.23375388 0.19394938]"
455,1.9493663354413373,1.137836202648233,1.611900429903507,"[0.01075747 0.17878134 0.18484476 0.05733488 0.00332449 0.05713035
 0.13700931 0.00296785 0.18984578 0.17800376]"
